'temperatures(degC) points' 8    0.0   50.0   90.0  130.0  180.0  220.0  260.0  300.0
!:database is isobaric, at 250 bars
!:basis_species  a0  valence  formula weight [g]
'H2O' 3.0 0.0 18.015
'Ag+' 3.0 1.0 107.868
'Al+++' 9.0 3.0 26.982
'Au+' 4.0 1.0 196.967
'B(OH)3(aq)' 3.0 0.0 61.833
'Ba++' 5.0 2.0 137.327
'Be++' 8.0 2.0 9.012
'Br-' 4.0 -1.0 79.904
'Ca++' 6.0 2.0 40.078
'Cd++' 4.5 2.0 112.411
'Ce+++' 9.0 3.0 140.115
'Cl-' 3.0 -1.0 35.453
'Co++' 4.5 2.0 58.933
'CrO4--' 4.0 -2.0 115.994
'Cs+' 4.0 1.0 132.905
'Cu++' 6.0 2.0 63.546
'Dy+++' 5.0 3.0 162.5
'Er+++' 5.0 3.0 167.26
'Eu+++' 5.0 3.0 151.965
'F-' 4.0 -1.0 18.998
'Fe++' 6.0 2.0 55.847
'Ga+++' 5.0 3.0 69.723
'Gd+++' 5.0 3.0 157.25
'H+' 9.0 1.0 1.008
'H2AsO4-' 4.0 -1.0 140.935
'HCO3-' 4.0 -1.0 61.017
'HPO4--' 4.0 -2.0 95.979
'He(aq)' 3.0 0.0 4.003
'Hg++' 4.5 2.0 200.59
'Ho+++' 5.0 3.0 164.93
'I-' 3.0 -1.0 126.904
'In+++' 5.0 3.0 114.82
'K+' 3.0 1.0 39.098
'Kr(aq)' 3.0 0.0 83.8
'La+++' 9.0 3.0 138.905
'Li+' 4.0 1.0 6.941
'Lu+++' 5.0 3.0 174.967
'Mg++' 8.0 2.0 24.305
'Mn++' 6.0 2.0 54.938
'MoO4--' 4.0 -2.0 159.938
'NH3(aq)' 3.0 0.0 17.031
'Na+' 4.0 1.0 22.99
'Nd+++' 5.0 3.0 144.24
'Ne(aq)' 3.0 0.0 20.18
'Ni++' 4.5 2.0 58.69
'Pb++' 5.0 2.0 207.2
'Pd++' 4.5 2.0 106.42
'Pr+++' 5.0 3.0 140.908
'Ra++' 4.5 2.0 226.025
'Rb+' 4.0 1.0 85.468
'ReO4-' 4.0 -1.0 250.205
'Rn(aq)' 3.0 0.0 222.0
'RuO4--' 4.0 -2.0 165.068
'SO4--' 4.0 -2.0 96.064
'Sc+++' 5.0 3.0 44.956
'SeO3--' 4.0 -2.0 126.958
'SiO2(aq)' 3.0 0.0 60.084
'Sm+++' 5.0 3.0 150.36
'Sn++' 6.0 2.0 118.71
'Sr++' 5.0 2.0 87.62
'Tb+++' 5.0 3.0 158.925
'TcO4-' 4.0 -1.0 161.998
'Th++++' 5.5 4.0 232.038
'Tl+' 4.0 1.0 204.383
'Tm+++' 5.0 3.0 168.934
'UO2++' 4.5 2.0 270.028
'VO++' 4.5 2.0 66.941
'WO4--' 4.0 -2.0 247.848
'Xe(aq)' 3.0 0.0 131.29
'Y+++' 5.0 3.0 88.906
'Yb+++' 5.0 3.0 173.04
'Zn++' 6.0 2.0 65.39
'O2(g)' 3.0 0.0 31.999
'null' 0 0 0
!:species_name  num (n_i A_i, i=1,num)  log K (1:8)  a0  valence  formula weight [g]
'HS-' 4 -2.0000 'O2(g)' 1.0000 'H+' 1.0000 'SO4--'  146.8298  120.3988  104.3343   91.3545   78.2230   69.5299   62.0344   55.4455 3.0 -1.0 33.074
'S2--' 4 -1.0000 'H2O' 0.5000 'O2(g)' 2.0000 'HS-'  -35.3898  -28.7962  -24.8094  -21.6104  -18.4033  -16.3037  -14.5164  -12.9747 4.0 -2.0 64.132
'S2O3--' 5 -2.0000 'O2(g)' -1.0000 'H2O' 2.0000 'H+' 2.0000 'SO4--'  141.8737  115.8121   99.8332   86.8320   73.5642   64.6865   56.9346   49.9919 4.0 -2.0 112.13
'Ag++' 5 -0.5000 'H2O' 0.2500 'O2(g)' 1.0000 'Ag+' 1.0000 'H+'   13.1469   12.5384   12.1905   11.9250   11.6843   11.5534   11.4739   11.4477 4.5 2.0 107.868
'Au+++' 5 -1.0000 'H2O' 0.5000 'O2(g)' 1.0000 'Au+' 2.0000 'H+'    4.4604    6.7344    8.0860    9.1655   10.2657   11.0179   11.7044   12.3627 5.0 3.0 196.967
'Br3-' 5 -1.0000 'H2O' 0.5000 'O2(g)' 2.0000 'H+' 3.0000 'Br-'   -6.5591   -5.0042   -4.4005   -4.1396   -4.1567   -4.3924   -4.8194   -5.4831 4.0 -1.0 239.712
'BrO-' 3 0.5000 'O2(g)' 1.0000 'Br-'   12.6989   11.8962   11.4161   11.0287   10.6375   10.3800   10.1609    9.9735 4.0 -1.0 95.903
'BrO3-' 3 1.0000 'Br-' 1.5000 'O2(g)'   22.4104   20.7983   19.8272   19.0468   18.2593   17.7369   17.2825   16.8754 4.0 -1.0 127.902
'BrO4-' 3 1.0000 'Br-' 2.0000 'O2(g)'   41.1469   37.1703   34.7402   32.7716   30.7739   29.4457   28.2939   27.2720 4.0 -1.0 143.902
'CN-' 5 -2.0000 'H2O' -0.5000 'O2(g)' 1.0000 'HCO3-' 1.0000 'NH3(aq)'   60.2798   49.8961   43.6094   38.5407   33.4290   30.0622   27.1822   24.6881 4.0 -1.0 26.018
'ClO-' 3 0.5000 'O2(g)' 1.0000 'Cl-'   17.4300   15.6775   14.6242   13.7747   12.9162   12.3493   11.8633   11.4419 4.0 -1.0 51.452
'ClO2-' 3 1.0000 'Cl-' 1.0000 'O2(g)'   27.6330   24.6602   22.8556   21.3961   19.9169   18.9360   18.0899   17.3479 4.0 -1.0 67.451
'ClO3-' 3 1.0000 'Cl-' 1.5000 'O2(g)'   22.6955   20.8284   19.6781   18.7378   17.7716   17.1195   16.5446   16.0237 4.0 -1.0 83.451
'ClO4-' 3 1.0000 'Cl-' 2.0000 'O2(g)'   22.2015   21.1010   20.3901   19.7890   19.1480   18.6980   18.2858   17.8953 3.0 -1.0 99.45
'Co+++' 5 -0.5000 'H2O' 0.2500 'O2(g)' 1.0000 'Co++' 1.0000 'H+'   12.3264   12.0878   11.9775   11.9103   11.8768   11.8868   11.9294   12.0054 5.0 3.0 58.933
'Cr++' 5 -2.0000 'H2O' -1.0000 'O2(g)' 1.0000 'CrO4--' 4.0000 'H+'   18.4233   14.0706   11.1492    8.6019    5.8055    3.7902    1.8996    0.0481 4.5 2.0 51.996
'Cr+++' 5 -2.5000 'H2O' -0.7500 'O2(g)' 1.0000 'CrO4--' 5.0000 'H+'  -13.3314  -10.8646   -9.6564   -8.8746   -8.3032   -8.0837   -8.0399   -8.1870 5.0 3.0 51.996
'Cu+' 5 -1.0000 'H+' -0.2500 'O2(g)' 0.5000 'H2O' 1.0000 'Cu++'   20.4499   16.0523   13.3813   11.2258    9.0415    7.5873    6.3218    5.1949 4.0 1.0 63.546
'Eu++' 5 -1.0000 'H+' -0.2500 'O2(g)' 0.5000 'H2O' 1.0000 'Eu+++'   30.2972   23.7825   19.8063   16.5844   13.3085   11.1243    9.2255    7.5430 4.5 2.0 151.965
'Fe+++' 5 -0.5000 'H2O' 0.2500 'O2(g)' 1.0000 'Fe++' 1.0000 'H+'   -9.3889   -6.4262   -4.6328   -3.1859   -1.7153   -0.7299    0.1352    0.9138 9.0 3.0 55.847
'H2(aq)' 3 -0.5000 'O2(g)' 1.0000 'H2O'   49.1655   40.8477   35.7585   31.6327   27.4499   24.6800   22.2965   20.2132 3.0 0.0 2.016
'H2AsO3-' 3 -0.5000 'O2(g)' 1.0000 'H2AsO4-'   32.1733   26.4187   22.9511   20.1672   17.3734   15.5428   13.9847   12.6426 4.0 -1.0 124.936
'HSO5-' 4 0.5000 'O2(g)' 1.0000 'H+' 1.0000 'SO4--'   20.9616   17.0029   14.3403   12.0363    9.5260    7.7267    6.0438    4.4027 4.0 -1.0 113.071
'HSe-' 4 -1.5000 'O2(g)' 1.0000 'H+' 1.0000 'SeO3--'   80.9307   65.4024   55.8941   48.1635   40.2811   35.0132   30.4218   26.3236 4.0 -1.0 79.968
'Hg2++' 5 -2.0000 'H+' -0.5000 'O2(g)' 1.0000 'H2O' 2.0000 'Hg++'   12.7067    9.3775    7.3938    5.8210    4.2523    3.2179    2.3164    1.4999 4.5 2.0 401.18
'I3-' 5 -1.0000 'H2O' 0.5000 'O2(g)' 2.0000 'H+' 3.0000 'I-'  -26.1809  -21.2255  -18.5789  -16.6941  -15.1012  -14.2943  -13.8417  -13.7523 4.0 -1.0 380.713
'IO-' 3 0.5000 'O2(g)' 1.0000 'I-'    1.3380    2.8468    3.7861    4.5492    5.3249    5.8418    6.2919    6.6930 4.0 -1.0 142.904
'IO3-' 3 1.0000 'I-' 1.5000 'O2(g)'  -16.0135  -11.1496   -8.2280   -5.8940   -3.5668   -2.0530   -0.7739    0.3183 4.0 -1.0 174.903
'IO4-' 3 1.0000 'I-' 2.0000 'O2(g)'   -2.6213    0.1772    1.8211    3.1120    4.3715    5.1679    5.8171    6.3396 4.0 -1.0 190.902
'Mn+++' 5 -0.5000 'H2O' 0.2500 'O2(g)' 1.0000 'H+' 1.0000 'Mn++'    3.8871    5.3584    6.2878    7.0617    7.8802    8.4543    8.9818    9.4801 5.0 3.0 54.938
'MnO4--' 5 -4.0000 'H+' 1.0000 'Mn++' 1.0000 'O2(g)' 2.0000 'H2O'   37.5252   33.4329   31.2931   29.7954   28.5522   27.9334   27.5910   27.5260 4.0 -2.0 118.936
'N2(aq)' 4 -3.0000 'H2O' 1.5000 'O2(g)' 2.0000 'NH3(aq)' -123.2742 -102.4226  -90.0641  -80.2720  -70.5869  -64.3387  -59.0997  -54.6676 3.0 0.0 28.013
'NO2-' 5 -1.0000 'H+' -1.0000 'H2O' 1.0000 'NH3(aq)' 1.5000 'O2(g)'  -47.3523  -38.2252  -32.6331  -28.0832  -23.4389  -20.3290  -17.6089  -15.1619 4.0 -1.0 46.006
'NO3-' 5 -1.0000 'H+' -1.0000 'H2O' 1.0000 'NH3(aq)' 2.0000 'O2(g)'  -62.7729  -50.6076  -43.2048  -37.2107  -31.1269  -27.0809  -23.5703  -20.4494 3.0 -1.0 62.005
'O2(aq)' 2 1.0000 'O2(g)'    2.7883    3.1587    3.2258    3.1876    3.0484    2.8865    2.6876    2.4472 3.0 0.0 31.999
'Ru++' 5 -2.0000 'H2O' -1.0000 'O2(g)' 1.0000 'RuO4--' 4.0000 'H+'   -3.8418   -4.9198   -5.8215   -6.7232   -7.8418   -8.7290   -9.6116  -10.4875 4.5 2.0 101.07
'Ru+++' 5 -2.5000 'H2O' -0.7500 'O2(g)' 1.0000 'RuO4--' 5.0000 'H+'  -23.0607  -19.5480  -17.6662  -16.3212  -15.1610  -14.5295  -14.0900  -13.7909 5.0 3.0 101.07
'S2O4--' 3 0.5000 'O2(g)' 1.0000 'S2O3--'  -15.2358  -12.2725  -10.4884   -9.0603   -7.6333   -6.7031   -5.9158   -5.2425 4.0 -2.0 128.13
'S2O6--' 3 1.0000 'S2O3--' 1.5000 'O2(g)'  -86.0096  -70.7058  -61.4864  -54.0905  -46.6765  -41.8259  -37.7038  -34.1608 4.0 -2.0 160.128
'S2O8--' 3 1.0000 'S2O3--' 2.5000 'O2(g)' -114.6691  -94.2165  -81.9407  -72.1163  -62.2945  -55.8892  -50.4661  -45.8293 4.0 -2.0 192.127
'S3--' 6 -1.0000 'H2O' 0.5000 'O2(g)' 1.0000 'H+' 1.0000 'HS-' 1.0000 'S2--'  -49.0598  -40.9602  -36.2137  -32.4976  -28.8889  -26.6236  -24.7969  -23.3572 4.0 -2.0 96.198
'S3O6--' 5 -0.5000 'H2O' 1.0000 'H+' 1.0000 'O2(g)' 1.5000 'S2O3--'  -56.6038  -46.7995  -41.0111  -36.4504  -31.9864  -29.1567  -26.8480  -24.9939 4.0 -2.0 192.194
'S4--' 5 -1.0000 'H2O' 0.5000 'O2(g)' 2.0000 'H+' 2.0000 'S2--'  -62.4921  -52.9200  -47.4339  -43.2168  -39.2228  -36.8024  -34.9456  -33.6165 4.0 -2.0 128.264
'S4O6--' 5 -1.0000 'H2O' 0.5000 'O2(g)' 2.0000 'H+' 2.0000 'S2O3--'  -44.0068  -37.9558  -34.5952  -32.0943  -29.8381  -28.5704  -27.7099  -27.2602 4.0 -2.0 224.26
'S5--' 6 -2.0000 'H2O' 1.0000 'HS-' 1.0000 'O2(g)' 2.0000 'S2--' 3.0000 'H+' -111.0742  -93.4731  -83.2827  -75.3831  -67.8139  -63.1502  -59.4856  -56.7340 4.0 -2.0 160.33
'S5O6--' 4 -1.5000 'H2O' 2.5000 'S2O3--' 3.0000 'H+'   -0.9703   -1.7068   -2.5068   -3.3981   -4.6166   -5.6874   -6.8864   -8.3089 4.0 -2.0 256.326
'SCN-' 6 -3.0000 'H2O' 1.0000 'H+' 1.0000 'HCO3-' 1.0000 'HS-' 1.0000 'NH3(aq)'   -2.8217   -3.0339   -3.3301   -3.6875   -4.1964   -4.6502   -5.1561   -5.7447 4.0 -1.0 58.084
'SO3--' 3 -0.5000 'O2(g)' 1.0000 'SO4--'   49.5064   41.3838   36.5095   32.6103   28.7143   26.1741   24.0226   22.1794 4.0 -2.0 80.064
'SeO4--' 3 0.5000 'O2(g)' 1.0000 'SeO3--'  -13.9079  -11.2521   -9.6615   -8.3892   -7.1182   -6.2902   -5.5900   -4.9924 4.0 -2.0 142.958
'Sm++' 5 -1.0000 'H+' -0.2500 'O2(g)' 0.5000 'H2O' 1.0000 'Sm+++'   52.5697   42.8170   36.8702   32.0567   27.1751   23.9341   21.1329   18.6710 4.5 2.0 150.36
'Tl+++' 5 -1.0000 'H2O' 0.5000 'O2(g)' 1.0000 'Tl+' 2.0000 'H+'    0.0828    2.8871    4.5229    5.8097    7.0956    7.9549    8.7220    9.4422 5.0 3.0 204.383
'U+++' 5 -0.7500 'O2(g)' -0.5000 'H2O' 1.0000 'H+' 1.0000 'UO2++'   68.9498   57.5156   50.7146   45.3051   39.9354   36.4618   33.5457   31.0778 5.0 3.0 238.029
'U++++' 5 -1.0000 'H2O' -0.5000 'O2(g)' 1.0000 'UO2++' 2.0000 'H+'   34.5858   30.4095   27.8471   25.7665   23.6750   22.3210   21.2003   20.2820 5.5 4.0 238.029
'UO2+' 5 -3.0000 'H+' 0.2500 'O2(g)' 1.0000 'U++++' 1.5000 'H2O'  -13.0943  -12.9522  -12.7154  -12.4427  -12.1120  -11.8848  -11.7120  -11.6113 4.0 1.0 270.028
'V+++' 5 -0.5000 'H2O' -0.2500 'O2(g)' 1.0000 'H+' 1.0000 'VO++'   16.3705   13.9092   12.5104   11.4368   10.4181    9.7959    9.3077    8.9327 5.0 3.0 50.941
'VO2+' 5 -1.0000 'H+' 0.2500 'O2(g)' 0.5000 'H2O' 1.0000 'VO++'   -4.0168   -3.4350   -2.9212   -2.4148   -1.8164   -1.3740   -0.9691   -0.6064 4.0 1.0 82.94
'VO4---' 5 -6.0000 'H+' 0.5000 'O2(g)' 1.0000 'V+++' 3.0000 'H2O'    9.1388    9.5864    9.9097   10.2475   10.7193   11.1626   11.7052   12.4301 4.0 -3.0 114.939
'Yb++' 5 -1.0000 'H+' -0.2500 'O2(g)' 0.5000 'H2O' 1.0000 'Yb+++'   43.3259   34.9621   29.8687   25.7489   21.5712   18.7960   16.3944   14.2798 4.5 2.0 173.04
'Ag(CO3)2---' 4 -2.0000 'H+' 1.0000 'Ag+' 2.0000 'HCO3-'   18.3405   18.2956   18.3547   18.4749   18.7042   18.9532   19.2735   19.6964 4.0 -3.0 227.887
'AgCO3-' 4 -1.0000 'H+' 1.0000 'Ag+' 1.0000 'HCO3-'    7.4237    7.6474    7.8251    7.9968    8.2031    8.3617    8.5151    8.6634 4.0 -1.0 167.877
'AgCl(aq)' 3 1.0000 'Ag+' 1.0000 'Cl-'   -3.5411   -3.0218   -2.7580   -2.5864   -2.4772   -2.4683   -2.5365   -2.7100 3 0.0 143.31822
'AgCl2-' 3 1.0000 'Ag+' 2.0000 'Cl-'   -5.5323   -4.8439   -4.5379   -4.3742   -4.3274   -4.4042   -4.5917   -4.9286 4.0 -1.0 178.774
'AgCl3--' 3 1.0000 'Ag+' 3.0000 'Cl-'   -5.8127   -4.4244   -3.8637   -3.5853   -3.5102   -3.6176   -3.8586   -4.2501 4.0 -2.0 214.226
'AgCl4---' 3 1.0000 'Ag+' 4.0000 'Cl-'   -4.7811   -2.7620   -1.9274   -1.4877   -1.3077   -1.3798   -1.6116   -2.0076 4.0 -3.0 249.679
'AgF(aq)' 3 1.0000 'Ag+' 1.0000 'F-'   -0.3799   -0.3928   -0.4855   -0.6179   -0.8345   -1.0552   -1.3345   -1.7076 3.0 0.0 126.867
'AgNO3(aq)' 3 1.0000 'Ag+' 1.0000 'NO3-'    0.2118    0.2974    0.2472    0.1448   -0.0372   -0.2248   -0.4601   -0.7716 3 0.0 169.87222
'Al(OH)2+' 4 -2.0000 'H+' 1.0000 'Al+++' 2.0000 'H2O'   12.7651    9.4216    7.4072    5.7962    4.1691    3.0795    2.1158    1.2347 4.0 1.0 60.996
'Al(OH)4-' 4 -4.0000 'H+' 1.0000 'Al+++' 4.0000 'H2O'   25.7692   20.4893   17.3557   14.8676   12.3860   10.7618    9.3767    8.1901 4.0 -1.0 58.98
'AlOH++' 4 -1.0000 'H+' 1.0000 'Al+++' 1.0000 'H2O'    5.8535    4.2433    3.2719    2.4940    1.7065    1.1776    0.7084    0.2788 4.5 2.0 43.989
'AsO2-' 4 -1.0000 'H2O' -0.5000 'O2(g)' 1.0000 'H2AsO4-'   32.1842   26.4169   22.9589   20.1847   17.4011   15.5783   14.0293   12.7001 4.0 -1.0 106.92
'AsO4---' 3 -2.0000 'H+' 1.0000 'H2AsO4-'   18.5760   17.9193   17.8757   18.0661   18.5420   19.0867   19.7872   20.6967 4.0 -3.0 138.919
'BF4-' 5 -3.0000 'H2O' 1.0000 'B(OH)3(aq)' 3.0000 'H+' 4.0000 'F-'  -18.0847  -17.5886  -17.7206  -18.1218  -18.9099  -19.7490  -20.7983  -22.1412 4.0 -1.0 86.805
'BO2-' 4 -1.0000 'H+' -1.0000 'H2O' 1.0000 'B(OH)3(aq)'    9.2837    8.8369    8.6587    8.5746    8.5726    8.6478    8.8007    9.0635 4.0 -1.0 42.81
'BaCO3(aq)' 4 -1.0000 'H+' 1.0000 'Ba++' 1.0000 'HCO3-'    8.1158    7.1607    6.6431    6.2418    5.8243    5.5121    5.1796    4.7741 3 0.0 197.33569999999997
'BaCl+' 3 1.0000 'Ba++' 1.0000 'Cl-'    0.7033    0.3137   -0.0623   -0.4675   -1.0124   -1.4866   -2.0137   -2.6320 4.0 1.0 172.78
'BaF+' 3 1.0000 'Ba++' 1.0000 'F-'   -0.2087   -0.4267   -0.6997   -1.0183   -1.4708   -1.8807   -2.3497   -2.9138 4.0 1.0 156.325
'BaOH+' 4 -1.0000 'H+' 1.0000 'Ba++' 1.0000 'H2O'   14.9464   12.3353   10.8531    9.7125    8.6106    7.9078    7.3138    6.7919 4.0 1.0 154.334
'BeO2--' 4 -4.0000 'H+' 1.0000 'Be++' 2.0000 'H2O'   39.9235   35.1799   32.4628   30.3971   28.4822   27.3640   26.5588   26.0679 4.0 -2.0 41.011
'CO(aq)' 5 -1.0000 'H2O' -0.5000 'O2(g)' 1.0000 'H+' 1.0000 'HCO3-'   44.8237   36.4793   31.1697   26.7287   22.0621   18.8450   15.9548   13.2755 3 0.0 28.009999999999998
'CO2(aq)' 4 -1.0000 'H2O' 1.0000 'H+' 1.0000 'HCO3-'   -6.4487   -6.1552   -6.2362   -6.4651   -6.8849   -7.3013   -7.7855   -8.3576 3.0 0.0 44.01
'CO3--' 3 -1.0000 'H+' 1.0000 'HCO3-'   10.4933   10.0423    9.9583   10.0099   10.2105   10.4629   10.8001   11.2483 5.0 -2.0 60.009
'CaCO3(aq)' 4 -1.0000 'H+' 1.0000 'Ca++' 1.0000 'HCO3-'    7.4201    6.5037    6.0053    5.6169    5.2072    4.8947    4.5557    4.1372 3 0.0 100.0864
'CaCl+' 3 1.0000 'Ca++' 1.0000 'Cl-'    0.3914    0.1840   -0.1037   -0.4487   -0.9429   -1.3895   -1.8955   -2.4955 4.0 1.0 75.531
'CaCl2(aq)' 3 1.0000 'Ca++' 2.0000 'Cl-'    0.5336    0.7232    0.5457    0.2020   -0.4065   -1.0273   -1.7886   -2.7555 3 0.0 110.97840000000001
'CaF+' 3 1.0000 'Ca++' 1.0000 'F-'   -0.6167   -0.7753   -1.0587   -1.4106   -1.9221   -2.3871   -2.9151   -3.5406 4.0 1.0 59.076
'CaHCO3+' 3 1.0000 'Ca++' 1.0000 'HCO3-'   -1.0520   -1.0877   -1.3138   -1.6265   -2.1033   -2.5467   -3.0555   -3.6616 4.0 1.0 101.095
'CaOH+' 4 -1.0000 'H+' 1.0000 'Ca++' 1.0000 'H2O'   14.1042   11.8046   10.4497    9.3787    8.3144    7.6168    7.0147    6.4783 4.0 1.0 57.085
'CaSO4(aq)' 3 1.0000 'Ca++' 1.0000 'SO4--'   -2.0053   -2.1815   -2.4061   -2.6818   -3.1106   -3.5427   -4.0926   -4.8351 3 0.0 136.13440000000003
'CdCl+' 3 1.0000 'Cd++' 1.0000 'Cl-'   -2.1011   -1.9016   -1.9661   -2.1355   -2.4538   -2.7839   -3.1891   -3.7003 4.0 1.0 147.864
'CdCl2(aq)' 3 1.0000 'Cd++' 2.0000 'Cl-'   -2.8640   -2.3982   -2.4565   -2.7229   -3.2697   -3.8595   -4.6010   -5.5564 3 0.0 183.3144
'CdCl3-' 3 1.0000 'Cd++' 3.0000 'Cl-'   -2.9055   -1.9827   -1.8970   -2.1224   -2.7049   -3.3663   -4.2033   -5.2683 4.0 -1.0 218.769
'CoCl+' 3 1.0000 'Cl-' 1.0000 'Co++'   -0.5941   -0.5726   -0.7168   -0.9392   -1.3011   -1.6543   -2.0755   -2.5973 4.0 1.0 94.386
'Cr2O7--' 4 -1.0000 'H2O' 2.0000 'CrO4--' 2.0000 'H+'  -14.6925  -14.4530  -14.6512  -15.0318  -15.6928  -16.3549  -17.1539  -18.1532 4.0 -2.0 215.988
'CrOH++' 4 -1.0000 'H+' 1.0000 'Cr+++' 1.0000 'H2O'    4.5751    3.3958    2.6322    1.9915    1.3126    0.8375    0.4022   -0.0082 4.5 2.0 69.003
'CsBr(aq)' 3 1.0000 'Br-' 1.0000 'Cs+'    0.1269   -0.0806   -0.2321   -0.3740   -0.5542   -0.7158   -0.9124   -1.1786 3 0.0 212.80945196599998
'CsCl(aq)' 3 1.0000 'Cl-' 1.0000 'Cs+'    0.3221    0.0331   -0.1743   -0.3660   -0.6002   -0.7975   -1.0212   -1.3002 3 0.0 168.35545196599998
'CsI(aq)' 3 1.0000 'Cs+' 1.0000 'I-'   -0.9579   -0.9086   -0.9081   -0.9316   -0.9958   -1.0810   -1.2090   -1.4070 3 0.0 259.809924966
'CuCl+' 3 1.0000 'Cl-' 1.0000 'Cu++'   -0.4096   -0.4378   -0.6345   -0.9088   -1.3321   -1.7318   -2.1976   -2.7623 4.0 1.0 98.999
'CuCl2(aq)' 3 1.0000 'Cu++' 2.0000 'Cl-'    0.6402    0.6749    0.3538   -0.1273   -0.8964   -1.6377   -2.5143   -3.5923 3.0 0.0 134.451
'CuCl2-' 3 1.0000 'Cu+' 2.0000 'Cl-'   -5.0137   -4.9376   -4.9644   -5.0458   -5.2215   -5.4290   -5.7157   -6.1259 4.0 -1.0 134.451
'CuCl3--' 3 1.0000 'Cu+' 3.0000 'Cl-'   -6.7498   -4.7581   -3.9440   -3.5243   -3.3700   -3.4641   -3.7203   -4.1449 4.0 -2.0 169.904
'CuCl4--' 3 1.0000 'Cu++' 4.0000 'Cl-'    3.9943    5.0994    5.1570    4.8320    4.0738    3.2524    2.2502    1.0226 4.0 -2.0 205.357
'CuF+' 3 1.0000 'Cu++' 1.0000 'F-'   -1.5453   -1.5461   -1.7266   -1.9843   -2.3872   -2.7720   -3.2254   -3.7821 4.0 1.0 82.544
'CuO2--' 4 -4.0000 'H+' 1.0000 'Cu++' 2.0000 'H2O'   44.4610   38.6983   35.5035   33.1320   30.9890   29.7703   28.9141   28.4085 4.0 -2.0 95.545
'CuOH+' 4 -1.0000 'H+' 1.0000 'Cu++' 1.0000 'H2O'    8.6069    7.2694    6.4709    5.8400    5.2128    4.7994    4.4381    4.1091 4.0 1.0 80.553
'EuCO3+' 4 -1.0000 'H+' 1.0000 'Eu+++' 1.0000 'HCO3-'    2.3010    2.4743    2.6441    2.8067    2.9696    3.0468    3.0507    2.9349 4.0 1.0 211.974
'EuCl++' 3 1.0000 'Cl-' 1.0000 'Eu+++'   -0.1264   -0.5172   -0.9392   -1.4003   -2.0184   -2.5507   -3.1332   -3.8017 4.5 2.0 187.418
'EuCl2+' 3 1.0000 'Eu+++' 2.0000 'Cl-'    0.3089   -0.2177   -0.7979   -1.4446   -2.3378   -3.1342   -4.0386   -5.1230 4.0 1.0 222.87
'EuF++' 3 1.0000 'Eu+++' 1.0000 'F-'   -4.1057   -4.7804   -5.3732   -5.9697   -6.7256   -7.3532   -8.0245   -8.7794 4.5 2.0 170.963
'EuF2+' 3 1.0000 'Eu+++' 2.0000 'F-'   -7.5290   -7.9195   -8.4216   -9.0034   -9.8323  -10.5920  -11.4745  -12.5538 4.0 1.0 189.962
'EuNO3++' 3 1.0000 'Eu+++' 1.0000 'NO3-'   -1.4308   -0.4717   -0.0968    0.0812    0.1126    0.0177   -0.1774   -0.4913 4.5 2.0 213.97
'EuOH++' 4 -1.0000 'H+' 1.0000 'Eu+++' 1.0000 'H2O'    9.3081    6.9291    5.5246    4.4179    3.3206    2.6013    1.9787    1.4223 4.5 2.0 168.972
'EuSO4+' 3 1.0000 'Eu+++' 1.0000 'SO4--'   -3.2919   -3.9043   -4.3805   -4.8467   -5.4558   -6.0008   -6.6446   -7.4675 4.0 1.0 248.029
'FeCl+' 3 1.0000 'Cl-' 1.0000 'Fe++'    0.1786    0.1072   -0.1083   -0.3948   -0.8274   -1.2308   -1.6973   -2.2603 4.0 1.0 91.3
'FeCl++' 3 1.0000 'Cl-' 1.0000 'Fe+++'   -1.4765   -1.5774   -1.7898   -2.0635   -2.4744   -2.8590   -3.3071   -3.8521 4.5 2.0 91.3
'FeCl2(aq)' 3 1.0000 'Fe++' 2.0000 'Cl-'    9.7151    6.8434    4.8282    3.0189    0.9498   -0.6224   -2.1907   -3.8515 3 0.0 126.74520000000001
'FeF+' 3 1.0000 'F-' 1.0000 'Fe++'   -1.4342   -1.4549   -1.6281   -1.8706   -2.2486   -2.6105   -3.0394   -3.5706 4.0 1.0 74.845
'FeF++' 3 1.0000 'F-' 1.0000 'Fe+++'   -5.7351   -6.3180   -6.8209   -7.3270   -7.9749   -8.5216   -9.1171   -9.8005 4.5 2.0 74.845
'FeOH+' 4 -1.0000 'H+' 1.0000 'Fe++' 1.0000 'H2O'   10.0645    8.5610    7.6476    6.9143    6.1740    5.6805    5.2470    4.8528 4.0 1.0 72.854
'FeOH++' 4 -1.0000 'H+' 1.0000 'Fe+++' 1.0000 'H2O'    2.8565    1.6028    0.8756    0.3096   -0.2489   -0.6175   -0.9430   -1.2432 4.5 2.0 72.854
'H2P2O7--' 4 -1.0000 'H2O' 2.0000 'H+' 2.0000 'HPO4--'  -11.6315  -12.2153  -13.0223  -13.9565  -15.2414  -16.3563  -17.5721  -18.9527 4.0 -2.0 175.959
'H2PO4-' 3 1.0000 'H+' 1.0000 'HPO4--'   -7.2072   -7.0720   -7.1472   -7.3090   -7.6012   -7.9007   -8.2678   -8.7321 4.0 -1.0 96.987
'H2S(aq)' 3 1.0000 'H+' 1.0000 'HS-'   -7.3445   -6.6621   -6.4491   -6.4070   -6.5204   -6.7158   -7.0001   -7.3949 3.0 0.0 34.082
'H2SeO3(aq)' 3 1.0000 'SeO3--' 2.0000 'H+'   -9.7421   -9.7740  -10.0868  -10.5265  -11.2078  -11.8553  -12.6197  -13.5712 3.0 0.0 128.974
'H2VO4-' 5 -3.0000 'H+' 0.2500 'O2(g)' 1.0000 'VO++' 2.5000 'H2O'    3.7375    2.9419    2.5973    2.4205    2.3550    2.3895    2.4851    2.6461 4.0 -1.0 116.955
'H3AsO4(aq)' 3 1.0000 'H+' 1.0000 'H2AsO4-'   -2.1215   -2.3232   -2.5252   -2.7427   -3.0378   -3.3020   -3.6100   -4.0008 3.0 0.0 141.943
'H3P2O7-' 4 -1.0000 'H2O' 2.0000 'HPO4--' 3.0000 'H+'  -13.9487  -14.5725  -15.4635  -16.5106  -17.9786  -19.2815  -20.7397  -22.4538 4.0 -1.0 176.967
'H3PO4(aq)' 3 1.0000 'HPO4--' 2.0000 'H+'   -9.2021   -9.2993   -9.6083  -10.0200  -10.6470  -11.2406  -11.9428  -12.8201 3.0 0.0 97.995
'H4P2O7(aq)' 4 -1.0000 'H2O' 2.0000 'HPO4--' 4.0000 'H+'  -15.3664  -16.2032  -17.2868  -18.5348  -20.2718  -21.8161  -23.5598  -25.6462 3.0 0.0 177.975
'Al(OH)3(aq)' 4 -3.0000 'H+' 1.0000 'Al+++' 3.0000 'H2O'   19.5396   15.0209   12.3143   10.1632    8.0084    6.5786    5.3237    4.1824 3.0 0.0 59.988
'HAsO2(aq)' 5 -1.0000 'H2O' -0.5000 'O2(g)' 1.0000 'H+' 1.0000 'H2AsO4-'   22.5846   17.6278   14.5622   12.0386    9.4197    7.6280    6.0194    4.5149 3.0 0.0 107.928
'HAsO4--' 3 -1.0000 'H+' 1.0000 'H2AsO4-'    6.7555    6.6517    6.7323    6.8906    7.1713    7.4581    7.8109    8.2609 4.0 -2.0 139.927
'HBrO(aq)' 3 1.0000 'BrO-' 1.0000 'H+'   -8.7911   -8.2273   -8.0025   -7.8971   -7.8898   -7.9701   -8.1320   -8.4040 3.0 0.0 96.911
'HCN(aq)' 3 1.0000 'CN-' 1.0000 'H+'   -9.8941   -8.5899   -7.9819   -7.6033   -7.3547   -7.2949   -7.3469   -7.5263 3 0.0 27.026
'HCl(aq)' 3 1.0000 'Cl-' 1.0000 'H+'    0.4273    0.7183    0.7148    0.5874    0.2995   -0.0230   -0.4393   -0.9944 3.0 0.0 36.461
'HClO(aq)' 3 1.0000 'ClO-' 1.0000 'H+'   -7.6758   -7.2778   -7.1525   -7.1267   -7.1988   -7.3310   -7.5367   -7.8462 3.0 0.0 52.46
'HClO2(aq)' 3 1.0000 'ClO2-' 1.0000 'H+'   -1.6923   -2.1154   -2.5126   -2.9218   -3.4461   -3.8850   -4.3607   -4.9141 3.0 0.0 68.459
'HCoO2-' 4 -3.0000 'H+' 1.0000 'Co++' 2.0000 'H2O'   33.5861   29.4672   26.9884   25.0209   23.0855   21.8554   20.8528   20.0565 4.0 -1.0 91.94
'HCrO4-' 3 1.0000 'CrO4--' 1.0000 'H+'   -6.4152   -6.5084   -6.7589   -7.0831   -7.5613   -7.9990   -8.4984   -9.0952 4.0 -1.0 117.002
'HF(aq)' 3 1.0000 'F-' 1.0000 'H+'   -2.9213   -3.3222   -3.6908   -4.0725   -4.5674   -4.9859   -5.4414   -5.9664 3.0 0.0 20.006
'HF2-' 3 1.0000 'H+' 2.0000 'F-'   -2.1235   -2.7432   -3.1801   -3.5794   -4.0575   -4.4473   -4.8701   -5.3657 4.0 -1.0 39.005
'HIO3(aq)' 3 1.0000 'H+' 1.0000 'IO3-'   -0.6291   -0.9116   -1.1881   -1.4796   -1.8629   -2.1927   -2.5606   -3.0039 3.0 0.0 175.911
'HNO2(aq)' 3 1.0000 'H+' 1.0000 'NO2-'   -3.4630   -3.0196   -2.8428   -2.7611   -2.7586   -2.8267   -2.9623   -3.1920 3.0 0.0 47.013
'HNO3(aq)' 3 1.0000 'H+' 1.0000 'NO3-'    1.6023    1.0955    0.6953    0.3099   -0.1616   -0.5449   -0.9547   -1.4303 3.0 0.0 63.013
'HO2-' 4 -1.0000 'H+' 0.5000 'O2(g)' 1.0000 'H2O'   31.7424   28.0265   25.9641   24.4250   23.0233   22.2181   21.6444   21.2930 4.0 -1.0 33.007
'HP2O7---' 4 -1.0000 'H2O' 1.0000 'H+' 2.0000 'HPO4--'   -4.9944   -5.6729   -6.3977   -7.1735   -8.1788   -9.0081   -9.8723  -10.8039 4.0 -3.0 174.951
'HS2O3-' 5 -2.0000 'O2(g)' -1.0000 'H2O' 2.0000 'SO4--' 3.0000 'H+'  140.2888  113.9749   97.6736   84.3011   70.5205   61.1937   52.9453   45.4260 4.0 -1.0 113.138
'HSO3-' 3 1.0000 'H+' 1.0000 'SO3--'   -6.9597   -7.2211   -7.5807   -7.9969   -8.5731   -9.0789   -9.6389  -10.2879 4.0 -1.0 81.072
'HSO4-' 3 1.0000 'H+' 1.0000 'SO4--'   -1.6103   -2.2179   -2.7794   -3.3519   -4.0758   -4.6699   -5.2963   -5.9921 4.0 -1.0 97.072
'HSeO3-' 3 1.0000 'H+' 1.0000 'SeO3--'   -7.3217   -7.1522   -7.2559   -7.4683   -7.8402   -8.2106   -8.6525   -9.1954 4.0 -1.0 127.966
'HSeO4-' 3 1.0000 'H+' 1.0000 'SeO4--'   -1.6108   -2.1112   -2.6162   -3.1491   -3.8397   -4.4163   -5.0312   -5.7206 4.0 -1.0 143.966
'HSiO3-' 4 -1.0000 'H+' 1.0000 'H2O' 1.0000 'SiO2(aq)'   10.3293    9.2900    8.8713    8.6692    8.6240    8.7116    8.8929    9.1722 4.0 -1.0 77.092
'HVO4--' 5 -4.0000 'H+' 0.2500 'O2(g)' 1.0000 'VO++' 2.5000 'H2O'   11.8950   10.6841    9.9405    9.3714    8.8621    8.5988    8.4684    8.5114 4.0 -2.0 115.947
'KBr(aq)' 3 1.0000 'Br-' 1.0000 'K+'    2.0023    1.5785    1.2618    0.9616    0.5926    0.2863   -0.0508   -0.4550 3 0.0 119.00231
'KCl(aq)' 3 1.0000 'Cl-' 1.0000 'K+'    2.8918    2.2972    1.8790    1.4959    1.0398    0.6726    0.2791   -0.1802 3 0.0 74.54831
'KHSO4(aq)' 4 1.0000 'H+' 1.0000 'K+' 1.0000 'SO4--'    2.1931    0.9791   -0.0914   -1.1584   -2.4831   -3.5556   -4.6770   -5.9182 3 0.0 136.16231
'KI(aq)' 3 1.0000 'I-' 1.0000 'K+'    1.7790    1.5221    1.3036    1.0780    0.7791    0.5163    0.2154   -0.1568 3 0.0 166.002783
'KOH(aq)' 4 -1.0000 'H+' 1.0000 'H2O' 1.0000 'K+'   15.4309   13.5451   12.5344   11.8003   11.1444   10.7651   10.4770   10.2538 3 0.0 56.10531
'KSO4-' 3 1.0000 'K+' 1.0000 'SO4--'   -0.8466   -0.9378   -1.1246   -1.3593   -1.7076   -2.0351   -2.4233   -2.9104 4.0 -1.0 135.162
'LiCl(aq)' 3 1.0000 'Cl-' 1.0000 'Li+'    1.5980    1.4748    1.2901    1.0669    0.7408    0.4365    0.0770   -0.3742 3 0.0 42.39
'LiOH(aq)' 4 -1.0000 'H+' 1.0000 'H2O' 1.0000 'Li+'   14.4930   12.8503   11.9396   11.2608   10.6322   10.2502    9.9412    9.6799 3.0 0.0 23.948
'MgCO3(aq)' 4 -1.0000 'H+' 1.0000 'HCO3-' 1.0000 'Mg++'    7.6578    6.9505    6.5832    6.3104    6.0280    5.8048    5.5446    5.1951 3 0.0 84.31299999999999
'MgCl+' 3 1.0000 'Cl-' 1.0000 'Mg++'    0.1228    0.1014   -0.0846   -0.3438   -0.7433   -1.1204   -1.5607   -2.0977 4.0 1.0 59.758
'MgF+' 3 1.0000 'F-' 1.0000 'Mg++'   -1.3560   -1.4051   -1.6371   -1.9468   -2.4113   -2.8415   -3.3372   -3.9337 4.0 1.0 43.303
'MgHCO3+' 3 1.0000 'HCO3-' 1.0000 'Mg++'   -1.0414   -1.0867   -1.3211   -1.6324   -2.0955   -2.5206   -3.0054   -3.5813 4.0 1.0 85.322
'MgSO4(aq)' 3 1.0000 'Mg++' 1.0000 'SO4--'   -2.1219   -2.3048   -2.5312   -2.7998   -3.2125   -3.6300   -4.1669   -4.9000 3.0 0.0 120.369
'MnCl+' 3 1.0000 'Cl-' 1.0000 'Mn++'    0.4160   -0.1297   -0.6330   -1.1534   -1.8271   -2.3953   -3.0101   -3.7106 4.0 1.0 90.391
'MnF+' 3 1.0000 'F-' 1.0000 'Mn++'   -0.8688   -0.9259   -1.1351   -1.4150   -1.8403   -2.2400   -2.7066   -3.2748 4.0 1.0 73.936
'MnO4-' 5 -3.0000 'H+' 1.0000 'Mn++' 1.2500 'O2(g)' 1.5000 'H2O'   25.7020   22.5451   20.7489   19.3857   18.1040   17.3219   16.7034   16.2247 4.0 -1.0 118.936
'MnOH+' 4 -1.0000 'H+' 1.0000 'H2O' 1.0000 'Mn++'   11.5206    9.7492    8.7045    7.8822    7.0683    6.5354    6.0740    5.6595 4.0 1.0 71.945
'MnSO4(aq)' 3 1.0000 'Mn++' 1.0000 'SO4--'   -1.7562   -2.0537   -2.3530   -2.6851   -3.1670   -3.6329   -4.2126   -4.9842 3 0.0 150.9940443
'NH4+' 3 1.0000 'H+' 1.0000 'NH3(aq)'  -10.0990   -8.5634   -7.6285   -6.8681   -6.0908   -5.5694   -5.1130   -4.7031 3.0 1.0 18.038
'NaBr(aq)' 3 1.0000 'Br-' 1.0000 'Na+'    1.5036    1.2601    1.0357    0.8033    0.4951    0.2224   -0.0937   -0.4915 3 0.0 102.893769282
'NaCl(aq)' 3 1.0000 'Cl-' 1.0000 'Na+'    0.8695    0.7196    0.5504    0.3596    0.0892   -0.1621   -0.4623   -0.8484 3.0 0.0 58.442
'NaF(aq)' 3 1.0000 'F-' 1.0000 'Na+'    1.1296    0.9153    0.7117    0.4982    0.2080   -0.0565   -0.3711   -0.7751 3 0.0 41.9881724456
'NaHSiO3(aq)' 5 -1.0000 'H+' 1.0000 'H2O' 1.0000 'Na+' 1.0000 'SiO2(aq)'    8.1627    7.7638    7.6372    7.6122    7.6650    7.7425    7.8279    7.8956 3 0.0 100.07976928199999
'NaI(aq)' 3 1.0000 'I-' 1.0000 'Na+'    1.6612    1.4607    1.2602    1.0435    0.7479    0.4829    0.1758   -0.2079 3 0.0 149.894242282
'NaOH(aq)' 4 -1.0000 'H+' 1.0000 'H2O' 1.0000 'Na+'   15.0659   13.4017   12.5037   11.8518   11.2702   10.9336   10.6758   10.4715 3.0 0.0 39.997
'NaSO4-' 3 1.0000 'Na+' 1.0000 'SO4--'   -0.5709   -0.7281   -0.9430   -1.1882   -1.5322   -1.8462   -2.2145   -2.6763 4.0 -1.0 119.053
'NiCl+' 3 1.0000 'Cl-' 1.0000 'Ni++'    1.0664    0.9044    0.6602    0.3657   -0.0589   -0.4465   -0.8916   -1.4293 4.0 1.0 94.143
'OH-' 3 -1.0000 'H+' 1.0000 'H2O'   14.8142   13.1768   12.3341   11.7543   11.2958   11.0971   11.0331   11.1165 3.0 -1.0 17.007
'P2O7----' 3 -1.0000 'H2O' 2.0000 'HPO4--'    4.4272    3.5810    3.0851    2.6950    2.3133    2.0706    1.8703    1.7033 4.0 -4.0 173.943
'PO4---' 3 -1.0000 'H+' 1.0000 'HPO4--'   12.4540   12.0211   11.9633   12.0457   12.2890   12.5776   12.9512   13.4322 4.0 -3.0 94.971
'PbCl+' 3 1.0000 'Cl-' 1.0000 'Pb++'   -1.3796   -1.5009   -1.7144   -1.9824   -2.3817   -2.7563   -3.1967   -3.7411 4.0 1.0 242.653
'PbCl2(aq)' 3 1.0000 'Pb++' 2.0000 'Cl-'   -1.8707   -2.0921   -2.4459   -2.8835   -3.5326   -4.1436   -4.8682   -5.7779 3 0.0 278.11
'PbCl3-' 3 1.0000 'Pb++' 3.0000 'Cl-'   -1.5185   -1.7357   -2.1349   -2.6409   -3.4006   -4.1190   -4.9716   -6.0397 4.0 -1.0 313.558
'PbCl4--' 3 1.0000 'Pb++' 4.0000 'Cl-'   -1.3045   -1.3283   -1.6317   -2.0725   -2.7783   -3.4680   -4.2989   -5.3459 4.0 -2.0 349.011
'PbF+' 3 1.0000 'F-' 1.0000 'Pb++'   -2.1213   -2.0256   -2.1112   -2.2739   -2.5631   -2.8618   -3.2340   -3.7140 4.0 1.0 226.198
'PbF2(aq)' 3 1.0000 'Pb++' 2.0000 'F-'   -3.6182   -3.2610   -3.2898   -3.4754   -3.8849   -4.3521   -4.9696   -5.8059 3.0 0.0 245.197
'PdCl+' 3 1.0000 'Cl-' 1.0000 'Pd++'   -6.6072   -5.6949   -5.3132   -5.1195   -5.0719   -5.1632   -5.3677   -5.7086 4.0 1.0 141.873
'PdCl2(aq)' 3 1.0000 'Pd++' 2.0000 'Cl-'  -11.7427   -9.8392   -8.9994   -8.5320   -8.3337   -8.4322   -8.7554   -9.3512 3.0 0.0 177.325
'PdCl3-' 3 1.0000 'Pd++' 3.0000 'Cl-'  -14.6456  -11.7680  -10.4509   -9.6620   -9.2032   -9.1689   -9.4047   -9.9441 4.0 -1.0 212.778
'PdCl4--' 3 1.0000 'Pd++' 4.0000 'Cl-'  -17.3258  -13.0867  -11.0303   -9.6919   -8.7234   -8.3786   -8.3640   -8.6958 4.0 -2.0 248.231
'PdO(aq)' 4 -2.0000 'H+' 1.0000 'H2O' 1.0000 'Pd++'    2.2253    2.0552    2.0095    2.0029    2.0126    2.0150    1.9970    1.9429 3.0 0.0 122.419
'PdOH+' 4 -1.0000 'H+' 1.0000 'H2O' 1.0000 'Pd++'    1.0373    0.8485    0.7394    0.6569    0.5721    0.5079    0.4383    0.3553 4.0 1.0 123.427
'RbBr(aq)' 3 1.0000 'Br-' 1.0000 'Rb+'    1.4665    1.0604    0.7723    0.5083    0.1908   -0.0714   -0.3626   -0.7196 3 0.0 165.37183
'RbCl(aq)' 3 1.0000 'Cl-' 1.0000 'Rb+'    1.1979    0.8132    0.5409    0.2888   -0.0192   -0.2776   -0.5684   -0.9287 3 0.0 120.91783000000001
'RbF(aq)' 3 1.0000 'F-' 1.0000 'Rb+'   -0.9176   -0.9679   -1.0379   -1.1248   -1.2664   -1.4175   -1.6208   -1.9115 3 0.0 104.46623316360001
'RbI(aq)' 3 1.0000 'I-' 1.0000 'Rb+'    1.1319    0.8970    0.7095    0.5220    0.2766    0.0594   -0.1939   -0.5167 3 0.0 212.372303
'Ru(SO4)2-' 3 1.0000 'Ru+++' 2.0000 'SO4--'   -1.4518   -3.3972   -4.8055   -6.1037   -7.6633   -8.9345  -10.3104  -11.9182 4.0 -1.0 293.197
'RuCl+' 3 1.0000 'Cl-' 1.0000 'Ru++'    0.5740    0.4216    0.1733   -0.1305   -0.5710   -0.9735   -1.4349   -1.9897 4.0 1.0 136.523
'RuCl++' 3 1.0000 'Cl-' 1.0000 'Ru+++'   -2.2427   -2.1876   -2.3930   -2.7098   -3.2141   -3.6918   -4.2425   -4.8958 4.5 2.0 136.523
'RuCl4-' 3 1.0000 'Ru+++' 4.0000 'Cl-'   -5.3707   -3.0834   -2.2164   -1.8540   -1.9120   -2.2967   -2.9822   -4.0484 4.0 -1.0 242.881
'RuCl5--' 3 1.0000 'Ru+++' 5.0000 'Cl-'   -6.4814   -1.5408    0.8541    2.4087    3.5228    3.8977    3.8578    3.3449 4.0 -2.0 278.333
'RuCl6---' 3 1.0000 'Ru+++' 6.0000 'Cl-'   -7.5613    0.3178    4.5867    7.7118   10.4832   12.0037   12.9874   13.3928 4.0 -3.0 313.786
'RuOH++' 4 -1.0000 'H+' 1.0000 'H2O' 1.0000 'Ru+++'    2.9725    1.7667    1.0311    0.4391   -0.1648   -0.5751   -0.9442   -1.2887 4.5 2.0 118.077
'RuSO4(aq)' 3 1.0000 'Ru++' 1.0000 'SO4--'   -2.2185   -2.3917   -2.6233   -2.9051   -3.3414   -3.7808   -4.3406   -5.0971 3.0 0.0 197.134
'RuSO4+' 3 1.0000 'Ru+++' 1.0000 'SO4--'   -1.4976   -2.3505   -2.9739   -3.5605   -4.2934   -4.9218   -5.6392   -6.5285 4.0 1.0 197.134
'S2O5--' 3 1.0000 'O2(g)' 1.0000 'S2O3--'  -52.0453  -42.6583  -37.0020  -32.4651  -27.9180  -24.9438  -22.4169  -20.2454 4.0 -2.0 144.129
'SO2(aq)' 4 -1.0000 'H2O' 1.0000 'SO3--' 2.0000 'H+'   -8.4948   -9.2490  -10.1089  -11.0594  -12.3310  -13.4155  -14.5877  -15.9168 3.0 0.0 64.065
'SiF6--' 5 -2.0000 'H2O' 1.0000 'SiO2(aq)' 4.0000 'H+' 6.0000 'F-'  -26.6302  -25.0658  -24.4767  -24.2548  -24.3941  -24.8204  -25.5659  -26.7533 4.0 -2.0 142.076
'SnOH+' 4 -1.0000 'H+' 1.0000 'H2O' 1.0000 'Sn++'    3.8798    3.0685    2.6287    2.3079    2.0134    1.8310    1.6743    1.5258 4.0 1.0 135.717
'SrCO3(aq)' 4 -1.0000 'H+' 1.0000 'HCO3-' 1.0000 'Sr++'    7.9179    6.9292    6.3895    5.9754    5.5509    5.2373    4.9049    4.4993 3 0.0 147.629
'SrCl+' 3 1.0000 'Cl-' 1.0000 'Sr++'    0.3515    0.1376   -0.1425   -0.4695   -0.9312   -1.3467   -1.8191   -2.3843 4.0 1.0 123.073
'SrF+' 3 1.0000 'F-' 1.0000 'Sr++'   -0.0824   -0.2129   -0.4431   -0.7259   -1.1381   -1.5176   -1.9571   -2.4922 4.0 1.0 106.618
'SrOH+' 4 -1.0000 'H+' 1.0000 'H2O' 1.0000 'Sr++'   14.6583   12.2127   10.7912    9.6843    8.6040    7.9091    7.3188    6.7999 4.0 1.0 104.627
'UO2OH+' 4 -1.0000 'H+' 1.0000 'H2O' 1.0000 'UO2++'    5.8899    4.6329    3.9349    3.4117    2.9178    2.6066    2.3421    2.1034 4.0 1.0 287.035
'UOH+++' 4 -1.0000 'H+' 1.0000 'H2O' 1.0000 'U++++'    1.4198    0.0350   -0.7975   -1.4620   -2.1360   -2.5924   -3.0022   -3.3828 5.0 3.0 255.036
'Urea(aq)' 5 -2.0000 'H2O' 1.0000 'H+' 1.0000 'HCO3-' 2.0000 'NH3(aq)'   -7.1878   -6.1143   -5.5436   -5.1467   -4.8345   -4.7080   -4.6888   -4.8011 3.0 0.0 60.056
'VOH++' 4 -1.0000 'H+' 1.0000 'H2O' 1.0000 'V+++'    3.0285    1.6256    0.8884    0.3597   -0.1152   -0.4001   -0.6338   -0.8387 4.5 2.0 67.949
'VOOH+' 4 -1.0000 'H+' 1.0000 'H2O' 1.0000 'VO++'    6.0270    5.1750    4.7289    4.4129    4.1347    3.9718    3.8401    3.7232 4.0 1.0 83.948
'ZnCl+' 3 1.0000 'Cl-' 1.0000 'Zn++'   -0.1566   -0.5899   -1.0284   -1.5112   -2.1665   -2.7356   -3.3604   -4.0758 4.0 1.0 100.843
'ZnCl2(aq)' 3 1.0000 'Zn++' 2.0000 'Cl-'   -0.0277   -0.8265   -1.6114   -2.4429   -3.5401   -4.4807   -5.5144   -6.7154 3 0.0 136.282
'ZnCl3-' 3 1.0000 'Zn++' 3.0000 'Cl-'   -0.1177   -0.8225   -1.6847   -2.6803   -4.0629   -5.2761   -6.6125   -8.1447 4.0 -1.0 171.748
'ZnF+' 3 1.0000 'F-' 1.0000 'Zn++'   -1.1279   -1.2029   -1.4065   -1.6706   -2.0667   -2.4381   -2.8733   -3.4083 4.0 1.0 84.388
'ZnOH+' 4 -1.0000 'H+' 1.0000 'H2O' 1.0000 'Zn++'    9.3708    7.9874    7.1150    6.3751    5.5778    5.0119    4.4898    3.9958 4.0 1.0 82.397
'null' 1 0. '0' 0. 0. 0. 0. 0. 0. 0. 0. 0. 0. 0.
!:gas_name molar_vol  num (n_i A_i, i=1,num) log K (1:8)  formula weight [g]
'CH4(g)' 0.000 5 -2.0000 'O2(g)' 1.0000 'H+' 1.0000 'H2O' 1.0000 'HCO3-'  149.7254  123.0913  107.0322   94.1347   81.1716   72.6484   65.3466   58.9734 16.043
'CO(g)' 0.000 5 -1.0000 'H2O' -0.5000 'O2(g)' 1.0000 'H+' 1.0000 'HCO3-'   41.9053   33.2173   27.8812   23.5248   19.0579   16.0511   13.4067   11.0123 28.01
'CO2(g)' 0.000 4 -1.0000 'H2O' 1.0000 'H+' 1.0000 'HCO3-'   -7.6865   -8.0041   -8.2977   -8.6101   -9.0242   -9.3798   -9.7704  -10.2257 44.01
'H2(g)' 0.000 3 -0.5000 'O2(g)' 1.0000 'H2O'   46.0476   37.6035   32.5460   28.5099   24.4869   21.8698   19.6569   17.7639 2.016
'H2O(g)' 0.000 2 1.0000 'H2O'    2.2053    0.9148    0.1667   -0.4114   -0.9648   -1.3079   -1.5840   -1.8064 18.015
'H2S(g)' 0.000 3 1.0000 'H+' 1.0000 'HS-'   -8.1639   -8.0189   -8.0171   -8.0770   -8.2203   -8.3872   -8.6097   -8.9151 34.082
'NH3(g)' 0.000 2 1.0000 'NH3(aq)'    2.2597    1.2226    0.6358    0.1927   -0.2203   -0.4695   -0.6649   -0.8169 17.031
'O2(g)' 0.000 2 1.0000 'O2(g)'   -0.0000   -0.0000   -0.0000   -0.0000   -0.0000   -0.0000   -0.0000   -0.0000 31.999
'S2(g)' 0.000 5 -2.0000 'H2O' 0.5000 'SO4--' 1.5000 'HS-' 2.5000 'H+'   -6.6418   -7.6969   -8.6482   -9.6317  -10.9009  -11.9656  -13.1136  -14.4256 64.132
'SO2(g)' 0.000 5 -1.0000 'H2O' -0.5000 'O2(g)' 1.0000 'SO4--' 2.0000 'H+'   41.4786   31.8065   25.7139   20.6447   15.3300   11.6590    8.3379    5.2140 64.065
'null' 0. 1 1. '0' 0. 0. 0. 0. 0. 0. 0. 0. 0.
!:mineral_name molar_vol  num (n_i A_i, i=1,num) log K (1:8)  formula weight [g]
'Montmorillonite_Lc_MgK' 134.694 6  -6.0000 'H+'   0.3400 'K+'   0.3400 'Mg++'   1.6600 'Al+++'   4.0000 'SiO2(aq)'   4.0000 'H2O'    5.6256    0.8404   -1.8243   -3.8595   -5.8693   -7.2375   -8.5270   -9.8671 372.6972
'Montmorillonite_Lc_MgNa' 133.964 6  -6.0000 'H+'   0.3400 'Na+'   0.3400 'Mg++'   1.6600 'Al+++'   4.0000 'SiO2(aq)'   4.0000 'H2O'    6.3653    1.3080   -1.5112   -3.6656   -5.7917   -7.2355   -8.5904   -9.9893 367.2203
'Montmorillonite_Lc_MgCa' 135.579 6  -6.0000 'H+'   0.1700 'Ca++'   0.3400 'Mg++'   1.6600 'Al+++'   4.0000 'SiO2(aq)'   4.0000 'H2O'    7.4484    2.0740   -0.9502   -3.2799   -5.5952   -7.1727   -8.6497  -10.1617 366.2170
'Montmorillonite_Lc_MgMg' 131.587 5  -6.0000 'H+'   0.5100 'Mg++'   1.6600 'Al+++'   4.0000 'SiO2(aq)'   4.0000 'H2O'    6.9561    1.5414   -1.2443   -3.1809   -4.8626   -5.8590   -6.7120   -7.5720 363.5356
'Montmorillonite_Hc_K' 138.754 6  -6.0000 'H+'   0.6000 'K+'   0.6000 'Mg++'   1.4000 'Al+++'   4.0000 'SiO2(aq)'   4.0000 'H2O'    7.0519    2.4881   -0.0265   -1.9301   -3.7934   -5.0542   -6.2419   -7.4838 382.1668
'Montmorillonite_Hc_Na' 137.467 6  -6.0000 'H+'   0.6000 'Na+'   0.6000 'Mg++'   1.4000 'Al+++'   4.0000 'SiO2(aq)'   4.0000 'H2O'    8.3573    3.3134    0.5259   -1.5879   -3.6564   -5.0506   -6.3537   -7.6995 372.5017
'Montmorillonite_Hc_Ca' 140.317 6  -6.0000 'H+'   0.3000 'Ca++'   0.6000 'Mg++'   1.4000 'Al+++'   4.0000 'SiO2(aq)'   4.0000 'H2O'   10.1539    4.5501    1.4010   -1.0222   -3.4245   -5.0547   -6.5732   -8.1187 370.7312
'Montmorillonite_Hc_Mg' 133.274 5  -6.0000 'H+'   0.9000 'Mg++'   1.4000 'Al+++'   4.0000 'SiO2(aq)'   4.0000 'H2O'    9.2381    3.5712    0.6532   -1.3754   -3.1326   -4.1665   -5.0420   -5.9133 365.9993
'Saponite_K' 141.689 6  -7.3600 'H+'   0.3400 'K+'   3.0000 'Mg++'   0.3400 'Al+++'   3.6600 'SiO2(aq)'   4.6800 'H2O'   32.1063   24.0182   19.4507   15.9544   12.5515   10.3162    8.3180    6.3842 392.1838
'Saponite_Na' 140.959 6  -7.3600 'H+'   0.3400 'Na+'   3.0000 'Mg++'   0.3400 'Al+++'   3.6600 'SiO2(aq)'   4.6800 'H2O'   32.7571   24.4108   19.6969   16.0881   12.5756   10.2690    8.2091    6.2196 386.7069
'Saponite_Ca' 142.574 6  -7.3600 'H+'   0.1700 'Ca++'   3.0000 'Mg++'   0.3400 'Al+++'   3.6600 'SiO2(aq)'   4.6800 'H2O'   33.6878   25.0478   20.1431   16.3704   12.6801   10.2473    8.0717    5.9744 385.7036
'Saponite_Mg' 138.597 5  -7.3600 'H+'   3.1700 'Mg++'   0.3400 'Al+++'   3.6600 'SiO2(aq)'   4.6800 'H2O'   33.1619   24.4863   19.8426   16.4958   13.4886   11.6805   10.1740    8.7745 383.0222
'Saponite_FeK' 144.269 7  -7.3600 'H+'   0.3400 'K+'   1.0000 'Fe++'   2.0000 'Mg++'   0.3400 'Al+++'   3.6600 'SiO2(aq)'   4.6800 'H2O'   29.9224   22.0454   17.5843   14.1578   10.8080    8.5967    6.6116    4.6827 423.7258
'Saponite_FeNa' 143.539 7  -7.3600 'H+'   0.3400 'Na+'   1.0000 'Fe++'   2.0000 'Mg++'   0.3400 'Al+++'   3.6600 'SiO2(aq)'   4.6800 'H2O'   30.5732   22.4379   17.8305   14.2915   10.8321    8.5496    6.5026    4.5181 418.2489
'Saponite_FeCa' 145.154 7  -7.3600 'H+'   1.0000 'Fe++'   0.1700 'Ca++'   2.0000 'Mg++'   0.3400 'Al+++'   3.6600 'SiO2(aq)'   4.6800 'H2O'   31.5038   23.0749   18.2767   14.5738   10.9366    8.5279    6.3653    4.2730 417.2456
'Saponite_FeMg' 141.361 6  -7.3600 'H+'   1.0000 'Fe++'   2.1700 'Mg++'   0.3400 'Al+++'   3.6600 'SiO2(aq)'   4.6800 'H2O'   30.9557   22.4907   17.9611   14.6959   11.7596    9.9911    8.5139    7.1360 414.5642
'Nontronite_K' 132.851 6  -7.3600 'H+'   0.3400 'K+'   0.6700 'Al+++'   1.6700 'Fe+++'   3.6600 'SiO2(aq)'   4.6800 'H2O'    5.4219   -0.0656   -3.1638   -5.5549   -7.9396   -9.5737  -11.1138  -12.7001 421.4372
'Nontronite_Na' 132.122 6  -7.3600 'H+'   0.3400 'Na+'   0.6700 'Al+++'   1.6700 'Fe+++'   3.6600 'SiO2(aq)'   4.6800 'H2O'    6.0727    0.3269   -2.9176   -5.4212   -7.9155   -9.6209  -11.2227  -12.8647 415.9603
'Nontronite_Ca' 133.737 6  -7.3600 'H+'   0.1700 'Ca++'   0.6700 'Al+++'   1.6700 'Fe+++'   3.6600 'SiO2(aq)'   4.6800 'H2O'    7.0034    0.9639   -2.4713   -5.1388   -7.8110   -9.6426  -11.3601  -13.1098 414.9570
'Nontronite_Mg' 130.179 6  -7.3600 'H+'   0.1700 'Mg++'   0.6700 'Al+++'   1.6700 'Fe+++'   3.6600 'SiO2(aq)'   4.6800 'H2O'    6.6814    0.6055   -2.5716   -4.8190   -6.8178   -8.0330   -9.0889  -10.1468 412.2756
'Beidellite_K' 133.219 5  -7.3600 'H+'   0.3400 'K+'   2.3400 'Al+++'   3.6600 'SiO2(aq)'   4.6800 'H2O'    8.4927    2.1569   -1.4861   -4.3331   -7.1960   -9.1573  -10.9866  -12.8301 373.2318
'Beidellite_Na' 132.489 5  -7.3600 'H+'   0.3400 'Na+'   2.3400 'Al+++'   3.6600 'SiO2(aq)'   4.6800 'H2O'    9.1435    2.5495   -1.2400   -4.1994   -7.1719   -9.2045  -11.0956  -12.9947 367.7549
'Beidellite_Ca' 134.104 5  -7.3600 'H+'   0.1700 'Ca++'   2.3400 'Al+++'   3.6600 'SiO2(aq)'   4.6800 'H2O'   10.0741    3.1865   -0.7937   -3.9171   -7.0674   -9.2262  -11.2330  -13.2399 366.7517
'Beidellite_Mg' 130.109 5  -7.3600 'H+'   0.1700 'Mg++'   2.3400 'Al+++'   3.6600 'SiO2(aq)'   4.6800 'H2O'    9.5471    2.6247   -1.1149   -3.8443   -6.3612   -7.9397   -9.3237  -10.6797 364.0703
'Illite_Mg' 140.062 6  -8.4000 'H+'   0.8500 'K+'   0.2500 'Mg++'   2.3500 'Al+++'   3.4000 'SiO2(aq)'   5.2000 'H2O'   15.2656    7.9308    3.6848    0.3559   -2.9914   -5.2739   -7.3828   -9.4759 392.2158
'Illite_FeII' 140.669 6  -8.4000 'H+'   0.8500 'K+'   0.2500 'Fe++'   2.3500 'Al+++'   3.4000 'SiO2(aq)'   5.2000 'H2O'   13.8020    6.6948    2.5807   -0.6465   -3.8960   -6.1171   -8.1758  -10.2272 400.1013
'Illite_FeIII' 138.922 6  -9.4000 'H+'   0.8500 'K+'   2.6000 'Al+++'   0.2500 'Fe+++'   3.1500 'SiO2(aq)'   5.7000 'H2O'   18.2287    9.7014    4.7096    0.7655   -3.2242   -5.9505   -8.4612  -10.9275 399.8253
'Illite_Al' 138.977 5  -9.4000 'H+'   0.8500 'K+'   2.8500 'Al+++'   3.1500 'SiO2(aq)'   5.7000 'H2O'   18.2002    9.6631    4.6602    0.7043   -3.3003   -6.0386   -8.5611  -11.0388 392.6089
'Vermiculite_K' 147.559 6  -9.4400 'H+'   0.8600 'K+'   3.0000 'Mg++'   0.8600 'Al+++'   3.1400 'SiO2(aq)'   5.7200 'H2O'   42.7606   32.3100   26.2849   21.6011   16.9770   13.9122   11.1755    8.5677 411.9408
'Vermiculite_Na' 145.715 6  -9.4400 'H+'   0.8600 'Na+'   3.0000 'Mg++'   0.8600 'Al+++'   3.1400 'SiO2(aq)'   5.7200 'H2O'   44.0630   33.0122   26.6490   21.7062   16.8307   13.6024   10.7238    7.9875 398.0875
'Vermiculite_Ca' 149.800 6  -9.4400 'H+'   0.4300 'Ca++'   3.0000 'Mg++'   0.8600 'Al+++'   3.1400 'SiO2(aq)'   5.7200 'H2O'   45.5026   33.8003   27.0096   21.6963   16.4151   12.8964    9.7497    6.7619 395.5498
'Vermiculite_Mg' 139.736 5  -9.4400 'H+'   3.4300 'Mg++'   0.8600 'Al+++'   3.1400 'SiO2(aq)'   5.7200 'H2O'   43.9377   32.1832   25.6547   20.7817   16.2164   13.3580   10.9224    8.6798 388.7674
'Berthierine_FeIII' 103.265 6  -8.6400 'H+'   2.3400 'Fe++'   0.9900 'Al+++'   0.3300 'Fe+++'   1.3400 'SiO2(aq)'   6.3200 'H2O'   36.3389   26.7600   21.1068   16.6268   12.1124    9.0680    6.3271    3.7285 361.4841
'Berthierine_FeII' 103.864 5 -10.0000 'H+'   2.0000 'Fe++'   2.0000 'Al+++'   1.0000 'SiO2(aq)'   7.0000 'H2O'   42.4663   30.8202   23.8813   18.3515   12.7589    8.9850    5.5978    2.4137 341.7689
'Glauconite' 139.752 8  -7.0000 'H+'   0.7500 'K+'   0.2500 'Fe++'   0.2500 'Mg++'   0.5000 'Al+++'   1.2500 'Fe+++'   3.7500 'SiO2(aq)'   4.5000 'H2O'    7.4438    2.4556   -0.3188   -2.4370   -4.5295   -5.9558   -7.3018   -8.7020 431.9905
'Amesite' 207.275 5 -20.0000 'H+'   4.0000 'Mg++'   4.0000 'Al+++'   2.0000 'SiO2(aq)'  14.0000 'H2O'   81.2831   58.3393   44.7510   33.9822   23.1514   15.8750    9.3588    3.2357 557.3699
'Lizardite' 107.790 4  -6.0000 'H+'   3.0000 'Mg++'   2.0000 'SiO2(aq)'   5.0000 'H2O'   35.8123   28.3000   24.0200   20.7312   17.5324   15.4477   13.6152   11.8949 277.1124
'Clinochlore' 211.620 5 -16.0000 'H+'   5.0000 'Mg++'   2.0000 'Al+++'   3.0000 'SiO2(aq)'  12.0000 'H2O'   77.2230   58.1132   46.9656   38.2340   29.5612   23.7996   18.6761   13.8659 555.7973
'Chamosite' 215.920 5 -16.0000 'H+'   5.0000 'Fe++'   2.0000 'Al+++'   3.0000 'SiO2(aq)'  12.0000 'H2O'   59.0487   42.9406   33.4994   26.0609   18.6029   13.5853    9.0587    4.7328 713.5073
'Greenalite' 105.210 4  -6.0000 'H+'   3.0000 'Fe++'   2.0000 'SiO2(aq)'   5.0000 'H2O'   26.8386   20.9380   17.5697   14.9687   12.4127   10.7196    9.1999    7.7321 371.7384
'Minnesotaite' 145.590 4  -6.0000 'H+'   3.0000 'Fe++'   4.0000 'SiO2(aq)'   4.0000 'H2O'   18.4966   13.1219   10.1488    7.8967    5.7102    4.2586    2.9262    1.5716 473.8917
'Talc' 137.850 4  -6.0000 'H+'   3.0000 'Mg++'   4.0000 'SiO2(aq)'   4.0000 'H2O'   26.9679   20.2781   16.5754   13.7849   11.1097    9.3704    7.8158    6.2887 379.2657
'Acanthite'  34.200 4 -1.0000 'H+' 1.0000 'HS-' 2.0000 'Ag+'  -39.6117  -32.9198  -28.9476  -25.8037  -22.7215  -20.8118  -19.2803  -18.0979 247.8020
'Silver'  10.272 5 -1.0000 'H+' -0.2500 'O2(g)' 0.5000 'H2O' 1.0000 'Ag+'    7.8794    6.7736    6.1435    5.6639    5.2099    4.9287    4.6987    4.5043 107.8680
'Akermanite'  92.810 6 -6.0000 'H+' 1.0000 'Mg++' 2.0000 'Ca++' 2.0000 'SiO2(aq)' 3.0000 'H2O'   51.3584   41.7158   36.0621   31.6003   27.1513   24.2037   21.6079   19.2062 272.6280
'Alabandite'  21.460 4 -1.0000 'H+' 1.0000 'HS-' 1.0000 'Mn++'    0.4870   -0.2347   -0.7733   -1.2810   -1.9022   -2.4141   -2.9699   -3.6173  87.0040
'Albite' 100.070 6 -4.0000 'H+' 1.0000 'Al+++' 1.0000 'Na+' 2.0000 'H2O' 3.0000 'SiO2(aq)'    4.6947    1.6523    0.0081   -1.2161   -2.3924   -3.1764   -3.9125   -4.6919 262.2230
'Alunite' 293.600 6 -6.0000 'H+' 1.0000 'K+' 2.0000 'SO4--' 3.0000 'Al+++' 6.0000 'H2O'    4.4252   -2.6080   -7.3847  -11.6058  -16.4223  -20.1149  -23.8515  -27.8602 414.2140
'Andalusite'  51.520 5 -6.0000 'H+' 1.0000 'SiO2(aq)' 2.0000 'Al+++' 3.0000 'H2O'   18.4394   11.2559    6.9328    3.4539   -0.1062   -2.5385   -4.7453   -6.8404 162.0460
'Andradite' 131.850 6 -12.0000 'H+' 2.0000 'Fe+++' 3.0000 'Ca++' 3.0000 'SiO2(aq)' 6.0000 'H2O'   40.2857   29.7312   23.5661   18.6898   13.7587   10.3990    7.3208    4.3143 508.1770
'Anglesite'  47.950 3 1.0000 'Pb++' 1.0000 'SO4--'   -7.8784   -7.5685   -7.6641   -7.9292   -8.4439   -8.9940   -9.6894  -10.5955 303.2640
'Anhydrite'  45.940 3 1.0000 'Ca++' 1.0000 'SO4--'   -3.8385   -4.4232   -5.0405   -5.7225   -6.6583   -7.4885   -8.4274   -9.5488 136.1420
'Annite' 154.320 7 -10.0000 'H+' 1.0000 'Al+++' 1.0000 'K+' 3.0000 'Fe++' 3.0000 'SiO2(aq)' 6.0000 'H2O'   35.7056   26.3849   20.9644   16.7122   12.4616    9.6021    7.0104    4.5006 511.8860
'Anorthite' 100.790 6 -8.0000 'H+' 1.0000 'Ca++' 2.0000 'Al+++' 2.0000 'SiO2(aq)' 4.0000 'H2O'   32.9425   22.8636   16.8610   12.0629    7.1899    3.8858    0.9049   -1.9197 278.2070
'Anthophyllite' 264.400 5 -14.0000 'H+' 7.0000 'Mg++' 8.0000 'H2O' 8.0000 'SiO2(aq)'   79.6787   61.0729   50.5158   42.4073   34.5110   29.3446   24.7672   20.3997 780.8200
'Antigorite' 1754.700 5 -96.0000 'H+' 34.0000 'SiO2(aq)' 48.0000 'Mg++' 79.0000 'H2O'  562.9796  443.7861  375.9929  323.9588  273.3892  240.4366  211.4430  184.1538 4535.9510
'Aragonite'  34.150 4 -1.0000 'H+' 1.0000 'Ca++' 1.0000 'HCO3-'    2.5195    1.7256    1.1514    0.6122   -0.0451   -0.5827   -1.1596   -1.8217 100.0870
'Artinite'  96.900 5 -3.0000 'H+' 1.0000 'HCO3-' 2.0000 'Mg++' 5.0000 'H2O'   21.8282   17.9549   15.6569   13.8322   11.9798   10.7085    9.5286    8.3486 196.6800
'Gold'  10.215 5 -1.0000 'H+' -0.2500 'O2(g)' 0.5000 'H2O' 1.0000 'Au+'   -8.7847   -7.0826   -6.0445   -5.2001   -4.3407   -3.7710   -3.2828   -2.8626 196.9670
'Azurite'  91.010 5 -4.0000 'H+' 2.0000 'H2O' 2.0000 'HCO3-' 3.0000 'Cu++'   11.4408    7.7756    5.4620    3.5157    1.3872   -0.2014   -1.7976   -3.5304 344.6710
'Barite'  52.100 3 1.0000 'Ba++' 1.0000 'SO4--'  -10.2101   -9.4908   -9.3366   -9.4105   -9.7464  -10.1883  -10.7972  -11.6323 233.3910
'Berndtite'  40.960 5 -1.0000 'H2O' 0.5000 'O2(g)' 1.0000 'Sn++' 2.0000 'HS-'  -72.6881  -60.9235  -54.1025  -48.8154  -43.7585  -40.6568  -38.2401  -36.4591 182.8420
'Boehmite'  19.500 4 -3.0000 'H+' 1.0000 'Al+++' 2.0000 'H2O'    9.5334    6.1616    4.1149    2.4635    0.7737   -0.3776   -1.4160   -2.3904  59.9880
'Bornite'  98.600 6 -4.0000 'H+' 1.0000 'Cu++' 1.0000 'Fe++' 4.0000 'Cu+' 4.0000 'HS-' -110.5564  -94.9502  -85.8153  -78.6933  -71.8897  -67.7886  -64.7728  -62.8100 501.8410
'Bromellite'   8.309 4 -2.0000 'H+' 1.0000 'Be++' 1.0000 'H2O'  118.2192   99.3024   87.9428   78.8521   69.7463   63.7771   58.6768   54.2449  25.0120
'Brucite'  24.630 4 -2.0000 'H+' 1.0000 'Mg++' 2.0000 'H2O'   18.1202   14.8252   12.8910   11.3731    9.8738    8.8934    8.0447    7.2818  58.3200
'Bunsenite'  10.970 4 -2.0000 'H+' 1.0000 'H2O' 1.0000 'Ni++'   14.1585   11.1952    9.4042    7.9635    6.4992    5.5126    4.6353    3.8279  74.6890
'Graphite'   5.298 5 -1.0000 'H2O' -1.0000 'O2(g)' 1.0000 'H+' 1.0000 'HCO3-'   67.7341   55.7723   48.4695   42.5380   36.4939   32.4555   28.9340   25.7843  12.0110
'Calcite'  36.934 4 -1.0000 'H+' 1.0000 'Ca++' 1.0000 'HCO3-'    2.3870    1.5935    1.0181    0.4759   -0.1873   -0.7308   -1.3144   -1.9835 100.0870
'Cassiterite'  21.550 5 -2.0000 'H+' 0.5000 'O2(g)' 1.0000 'H2O' 1.0000 'Sn++'  -49.2284  -40.7717  -35.6943  -31.6311  -27.5787  -24.9509  -22.7475  -20.8957 150.7090
'Celadonite' 157.100 7 -6.0000 'H+' 1.0000 'Al+++' 1.0000 'K+' 1.0000 'Mg++' 4.0000 'H2O' 4.0000 'SiO2(aq)' 1056.0330  890.0280  790.4166  710.7356  631.0235  578.8962  534.5137  496.1428 396.7360
'Celestite'  46.250 3 1.0000 'SO4--' 1.0000 'Sr++'   -5.4154   -5.6326   -6.0397   -6.5531   -7.3157   -8.0276   -8.8602   -9.8842 183.6840
'Cerussite'  40.590 4 -1.0000 'H+' 1.0000 'HCO3-' 1.0000 'Pb++'   -3.3122   -2.9254   -2.8081   -2.7977   -2.9063   -3.0848   -3.3554   -3.7522 267.2090
'Chalcedony'  22.688 2 1.0000 'SiO2(aq)'   -3.6341   -3.2408   -2.9482   -2.6869   -2.4043   -2.2130   -2.0549   -1.9388  60.0840
'Chalcocite'  27.480 4 -1.0000 'H+' 1.0000 'HS-' 2.0000 'Cu+'  -37.9439  -31.8545  -28.2139  -25.3593  -22.5816  -20.8329  -19.4335  -18.3643 159.1580
'Chalcopyrite'  42.830 5 -2.0000 'H+' 1.0000 'Cu++' 1.0000 'Fe++' 2.0000 'HS-'  -34.4382  -30.6970  -28.6585  -27.1784  -25.9251  -25.3209  -25.0531  -25.1659 183.5250
'Chlorargyrite'  25.727 3 1.0000 'Ag+' 1.0000 'Cl-'  -10.7802   -8.8436   -7.7725   -6.9824   -6.2848   -5.9116   -5.6859   -5.6199 143.3210
'Chrysotile' 108.500 5 -6.0000 'H+' 2.0000 'SiO2(aq)' 3.0000 'Mg++' 5.0000 'H2O'   35.9639   28.4336   24.1400   20.8387   17.6256   15.5307   13.6892   11.9610 277.1120
'Cinnabar'  28.416 4 -1.0000 'H+' 1.0000 'HS-' 1.0000 'Hg++'  -42.1843  -36.0680  -32.4717  -29.6522  -26.9243  -25.2336  -23.9063  -22.9227 232.6560
'Clinozoisite' 136.200 6 -13.0000 'H+' 2.0000 'Ca++' 3.0000 'Al+++' 3.0000 'SiO2(aq)' 7.0000 'H2O'   52.7395   37.5423   28.5148   21.3111   14.0008    9.0415    4.5586    0.2948 454.3570
'Coesite'  20.641 2 1.0000 'SiO2(aq)'   -3.0602   -2.7480   -2.5034   -2.2800   -2.0348   -1.8676   -1.7297   -1.6308  60.0840
'Corundum'  25.575 4 -6.0000 'H+' 2.0000 'Al+++' 3.0000 'H2O'   25.3096   17.2250   12.3030    8.3170    4.2276    1.4425   -1.0602   -3.3902 101.9610
'Covellite'  20.420 4 -1.0000 'H+' 1.0000 'Cu++' 1.0000 'HS-'  -24.3786  -21.3756  -19.6645  -18.3622  -17.1633  -16.4806  -16.0184  -15.7880  95.6120
'Cristobalite(beta)'  27.380 2 1.0000 'SiO2(aq)'   -2.7772   -2.5876   -2.4058   -2.2280   -2.0252   -1.8844   -1.7682   -1.6877  60.0840
'Copper'   7.113 5 -2.0000 'H+' -0.5000 'O2(g)' 1.0000 'Cu++' 1.0000 'H2O'   33.6457   27.1323   23.2402   20.1397   17.0419   15.0083   13.2587   11.7150  63.5460
'Cuprite'  23.437 4 -2.0000 'H+' 1.0000 'H2O' 2.0000 'Cu+'   -2.2392   -1.4237   -0.8281   -0.2832    0.3284    0.7634    1.1490    1.4795 143.0910
'Diaspore'  17.760 4 -3.0000 'H+' 1.0000 'Al+++' 2.0000 'H2O'    9.3735    6.0419    4.0192    2.3872    0.7167   -0.4219   -1.4495   -2.4146  59.9880
'Diopside'  66.090 6 -4.0000 'H+' 1.0000 'Ca++' 1.0000 'Mg++' 2.0000 'H2O' 2.0000 'SiO2(aq)'   24.4046   19.3619   16.4767   14.2367   12.0273   10.5645    9.2592    8.0112 216.5500
'Dolomite'  64.365 5 -2.0000 'H+' 1.0000 'Ca++' 1.0000 'Mg++' 2.0000 'HCO3-'    3.6945    1.8686    0.5909   -0.5773   -1.9686   -3.0876   -4.2764   -5.6300 184.4010
'Dolomite-ord'  64.340 5 -2.0000 'H+' 1.0000 'Ca++' 1.0000 'Mg++' 2.0000 'HCO3-'    3.6943    1.8684    0.5903   -0.5785   -1.9704   -3.0895   -4.2779   -5.6307 184.4010
'Enstatite'  31.276 5 -2.0000 'H+' 1.0000 'H2O' 1.0000 'Mg++' 1.0000 'SiO2(aq)'   13.2981   10.3130    8.5971    7.2660    5.9590    5.1009    4.3439    3.6325 100.3890
'Epidote' 139.200 7 -13.0000 'H+' 1.0000 'Fe+++' 2.0000 'Al+++' 2.0000 'Ca++' 3.0000 'SiO2(aq)' 7.0000 'H2O'   41.2780   28.1958   20.4632   14.3081    8.0597    3.8032   -0.0755   -3.8136 483.2230
'Epidote-ord' 139.200 7 -13.0000 'H+' 1.0000 'Fe+++' 2.0000 'Al+++' 2.0000 'Ca++' 3.0000 'SiO2(aq)' 7.0000 'H2O'   41.2762   28.1972   20.4677   14.3171    8.0767    3.8282   -0.0414   -3.7697 483.2230
'Fayalite'  46.390 5 -4.0000 'H+' 1.0000 'SiO2(aq)' 2.0000 'Fe++' 2.0000 'H2O'   22.2708   17.2251   14.2542   11.9052    9.5520    7.9797    6.5785    5.2610 203.7770
'FeO'  12.000 4 -2.0000 'H+' 1.0000 'Fe++' 1.0000 'H2O'   15.2920   12.1521   10.2633    8.7496    7.2207    6.1995    5.3004    4.4801  71.8460
'Ferrosilite'  32.952 5 -2.0000 'H+' 1.0000 'Fe++' 1.0000 'H2O' 1.0000 'SiO2(aq)'    9.0228    6.7773    5.4847    4.4766    3.4761    2.8084    2.2061    1.6220 131.9310
'Fluorite'  24.542 3 1.0000 'Ca++' 2.0000 'F-'  -10.0833   -9.7404   -9.7592   -9.9350  -10.3378  -10.8047  -11.4264  -12.2702  78.0750
'Forsterite'  43.790 5 -4.0000 'H+' 1.0000 'SiO2(aq)' 2.0000 'H2O' 2.0000 'Mg++'   31.8688   25.2442   21.3594   18.3053   15.2754   13.2791   11.5301    9.9238 140.6930
'Galena'  31.490 4 -1.0000 'H+' 1.0000 'HS-' 1.0000 'Pb++'  -16.0995  -13.6526  -12.3090  -11.3200  -10.4506   -9.9905   -9.7195   -9.6528 239.2660
'Gehlenite'  90.240 6 -10.0000 'H+' 1.0000 'SiO2(aq)' 2.0000 'Al+++' 2.0000 'Ca++' 5.0000 'H2O'   65.1145   50.0318   40.9715   33.6966   26.3093   21.3340   16.9079   12.8153 274.2000
'Gibbsite'  32.000 4 -3.0000 'H+' 1.0000 'Al+++' 3.0000 'H2O'    9.4533    6.4052    4.5884    3.1421    1.6767    0.6824   -0.2165   -1.0660  78.0040
'Grossular' 125.300 6 -12.0000 'H+' 2.0000 'Al+++' 3.0000 'Ca++' 3.0000 'SiO2(aq)' 6.0000 'H2O'   60.9506   46.5145   37.9685   31.1614   24.2720   19.6150   15.4210   11.4439 450.4460
'Halite'  27.015 3 1.0000 'Cl-' 1.0000 'Na+'    1.5583    1.6530    1.6278    1.5491    1.3875    1.2055    0.9633    0.6281  58.4420
'Hedenbergite'  68.270 6 -4.0000 'H+' 1.0000 'Ca++' 1.0000 'Fe++' 2.0000 'H2O' 2.0000 'SiO2(aq)'   22.9053   18.1366   15.3945   13.2528   11.1244    9.7036    8.4263    7.1961 248.0920
'Hematite'  30.274 4 -6.0000 'H+' 2.0000 'Fe+++' 3.0000 'H2O'    2.3692   -1.4641   -3.7840   -5.6598   -7.6072   -8.9721  -10.2523  -11.5184 159.6920
'Heulandite' 316.370 10 -8.6600 'H+' 0.0650 'Ba++' 0.1320 'K+' 0.1750 'Sr++' 0.3830 'Na+' 0.5850 'Ca++' 2.1650 'Al+++' 6.8350 'SiO2(aq)' 10.3300 'H2O' 1879.2155 1583.3725 1405.7933 1263.7046 1121.5270 1028.5406  949.3773  880.9660 708.1320
'Huntite' 122.900 5 -4.0000 'H+' 1.0000 'Ca++' 3.0000 'Mg++' 4.0000 'HCO3-'   13.4676    8.3135    4.8692    1.8377   -1.6224   -4.2921   -7.0297  -10.0417 353.0300
'Hydromagnesite' 208.800 5 -6.0000 'H+' 4.0000 'HCO3-' 5.0000 'Mg++' 6.0000 'H2O'   36.0927   27.1098   21.5137   16.8712   11.9108    8.3225    4.8368    1.1936 467.6380
'Jadeite'  60.400 6 -4.0000 'H+' 1.0000 'Al+++' 1.0000 'Na+' 2.0000 'H2O' 2.0000 'SiO2(aq)'   11.0104    7.4233    5.3954    3.8368    2.3039    1.2793    0.3433   -0.5867 202.1390
'K-Feldspar' 108.885 6 -4.0000 'H+' 1.0000 'Al+++' 1.0000 'K+' 2.0000 'H2O' 3.0000 'SiO2(aq)'    1.1917   -1.0171   -2.1781   -3.0354   -3.8712   -4.4514   -5.0270   -5.6757 278.3320
'K2O'  40.380 4 -2.0000 'H+' 1.0000 'H2O' 2.0000 'K+'   90.9018   78.2616   70.6742   64.6060   58.5386   54.5740   51.2017   48.2900  94.1960
'Kalsilite'  59.890 6 -4.0000 'H+' 1.0000 'Al+++' 1.0000 'K+' 1.0000 'SiO2(aq)' 2.0000 'H2O'   13.3550    9.5900    7.3677    5.6045    3.8224    2.6137    1.5159    0.4605 158.1630
'Kaolinite'  99.340 5 -6.0000 'H+' 2.0000 'Al+++' 2.0000 'SiO2(aq)' 5.0000 'H2O'    8.7709    3.4735    0.3992   -2.0156   -4.4516   -6.1185   -7.6610   -9.1874 258.1600
'Kyanite'  44.090 5 -6.0000 'H+' 1.0000 'SiO2(aq)' 2.0000 'Al+++' 3.0000 'H2O'   20.1301   12.7474    8.3052    4.7311    1.0756   -1.4192   -3.6793   -5.8205 162.0460
'Larnite'  51.600 5 -4.0000 'H+' 1.0000 'SiO2(aq)' 2.0000 'Ca++' 2.0000 'H2O'  462.3269  390.1495  346.7796  312.0425  277.2395  254.4436  235.0048  218.1704 172.2390
'Laumontite' 207.550 6 -8.0000 'H+' 1.0000 'Ca++' 2.0000 'Al+++' 4.0000 'SiO2(aq)' 8.0000 'H2O'   19.2694   11.6271    7.2878    3.9385    0.6305   -1.5864   -3.6108   -5.6119 470.4370
'Lawsonite' 101.320 6 -8.0000 'H+' 1.0000 'Ca++' 2.0000 'Al+++' 2.0000 'SiO2(aq)' 6.0000 'H2O'   27.4740   19.1423   14.2427   10.3642    6.4519    3.8030    1.4004   -0.9061 314.2380
'Lime'  16.764 4 -2.0000 'H+' 1.0000 'Ca++' 1.0000 'H2O'   35.7561   30.0081   26.5559   23.7884   21.0026   19.1599   17.5641   16.1466  56.0770
'Litharge'  23.910 4 -2.0000 'H+' 1.0000 'H2O' 1.0000 'Pb++'   13.7258   11.7787   10.5975    9.6471    8.6819    8.0320    7.4532    6.9148 223.1990
'Magnesite'  28.018 4 -1.0000 'H+' 1.0000 'HCO3-' 1.0000 'Mg++'    3.1031    1.7673    0.8819    0.1089   -0.7665   -1.4381   -2.1244   -2.8782  84.3140
'Magnetite'  44.524 5 -8.0000 'H+' 1.0000 'Fe++' 2.0000 'Fe+++' 4.0000 'H2O'   14.2020    7.7852    3.9137    0.7958   -2.4089   -4.6187   -6.6502   -8.6123 231.5390
'Malachite'  54.860 5 -3.0000 'H+' 1.0000 'HCO3-' 2.0000 'Cu++' 2.0000 'H2O'    7.3340    5.0553    3.6561    2.5061    1.2769    0.3762   -0.5187   -1.4836 221.1160
'Manganosite'  13.221 4 -2.0000 'H+' 1.0000 'H2O' 1.0000 'Mn++'   20.3674   16.7558   14.5991   12.8805   11.1567   10.0151    9.0192    8.1203  70.9370
'Margarite' 129.400 6 -14.0000 'H+' 1.0000 'Ca++' 2.0000 'SiO2(aq)' 4.0000 'Al+++' 8.0000 'H2O'   51.0508   34.4797   24.5497   16.5865    8.4720    2.9540   -2.0307   -6.7438 398.1840
'Merwinite' 104.400 6 -8.0000 'H+' 1.0000 'Mg++' 2.0000 'SiO2(aq)' 3.0000 'Ca++' 4.0000 'H2O'   76.8707   63.0318   54.8613   48.3820   41.8983   37.5989   33.8239   30.3627 328.7050
'Metacinnabar'  30.169 4 -1.0000 'H+' 1.0000 'HS-' 1.0000 'Hg++'  -41.7435  -35.7462  -32.2215  -29.4595  -26.7893  -25.1364  -23.8412  -22.8852 232.6560
'Monticellite'  51.470 6 -4.0000 'H+' 1.0000 'Ca++' 1.0000 'Mg++' 1.0000 'SiO2(aq)' 2.0000 'H2O'   33.4567   27.1127   23.3817   20.4342   17.4938   15.5461   13.8329   12.2541 156.4660
'Muscovite' 140.810 6 -10.0000 'H+' 1.0000 'K+' 3.0000 'Al+++' 3.0000 'SiO2(aq)' 6.0000 'H2O'   17.4141    8.8747    3.8655   -0.0991   -4.1199   -6.8761   -9.4220  -11.9288 398.3080
'Na2O'  25.000 4 -2.0000 'H+' 1.0000 'H2O' 2.0000 'Na+'   73.1288   62.6961   56.5063   51.6071   46.7627   43.6298   40.9850   38.7121  61.9790
'Natrolite' 169.720 6 -8.0000 'H+' 2.0000 'Al+++' 2.0000 'Na+' 3.0000 'SiO2(aq)' 6.0000 'H2O' 1040.5764  875.5211  776.4212  697.1203  617.7486  565.8104  521.5567  483.2673 380.2240
'Nepheline'  54.160 6 -4.0000 'H+' 1.0000 'Al+++' 1.0000 'Na+' 1.0000 'SiO2(aq)' 2.0000 'H2O'   16.7126   12.1522    9.4765    7.3679    5.2596    3.8498    2.5891    1.3983 142.0540
'Nesquehonite'  74.790 5 -1.0000 'H+' 1.0000 'HCO3-' 1.0000 'Mg++' 3.0000 'H2O'    6.4890    4.8937    4.7801    4.6718    4.5066    4.3252    4.0730    3.7082 138.3600
'Nickel'   6.588 5 -2.0000 'H+' -0.5000 'O2(g)' 1.0000 'H2O' 1.0000 'Ni++'   55.0515   44.9989   38.9445   34.0897   29.2110   25.9965   23.2306   20.8015  58.6900
'Paragonite' 132.100 6 -10.0000 'H+' 1.0000 'Na+' 3.0000 'Al+++' 3.0000 'SiO2(aq)' 6.0000 'H2O'   18.8118    9.8373    4.6007    0.4783   -3.6747   -6.5015   -9.0970  -11.6402 382.2000
'Pargasite' 273.500 8 -22.0000 'H+' 1.0000 'Na+' 2.0000 'Ca++' 3.0000 'Al+++' 4.0000 'Mg++' 6.0000 'SiO2(aq)' 12.0000 'H2O'  120.3266   90.9920   73.7792   60.2046   46.6385   37.5928   29.5449   22.0004 835.8250
'Palladium'   8.861 5 -2.0000 'H+' -0.5000 'O2(g)' 1.0000 'H2O' 1.0000 'Pd++'   12.3871    9.1937    7.2878    5.7696    4.2446    3.2309    2.3410    1.5307 106.4200
'PdO'  14.680 4 -2.0000 'H+' 1.0000 'H2O' 1.0000 'Pd++'    0.5417   -0.1311   -0.5247   -0.8342   -1.1521   -1.3789   -1.6019   -1.8399 122.4190
'Periclase'  11.248 4 -2.0000 'H+' 1.0000 'H2O' 1.0000 'Mg++'   23.8015   19.3566   16.7041   14.5947   12.4865   11.0976    9.8935    8.8171  40.3040
'Phlogopite' 149.660 7 -10.0000 'H+' 1.0000 'Al+++' 1.0000 'K+' 3.0000 'Mg++' 3.0000 'SiO2(aq)' 6.0000 'H2O'   44.4728   33.6560   27.4008   22.5283   17.7091   14.5108   11.6540    8.9351 417.2600
'Prehnite' 140.330 6 -10.0000 'H+' 2.0000 'Al+++' 2.0000 'Ca++' 3.0000 'SiO2(aq)' 6.0000 'H2O'   40.0220   29.1437   22.7501   17.6828   12.5665    9.1012    5.9586    2.9390 412.3840
'Pyrite'  23.940 5 -1.0000 'H2O' 0.5000 'O2(g)' 1.0000 'Fe++' 2.0000 'HS-'  -63.0633  -53.2279  -47.5415  -43.1508  -38.9831  -36.4602  -34.5362  -33.1818 119.9790
'Pyrophyllite' 128.100 5 -6.0000 'H+' 2.0000 'Al+++' 4.0000 'H2O' 4.0000 'SiO2(aq)'    2.7192   -2.1689   -4.9173   -7.0347   -9.1460  -10.5959  -11.9688  -13.3945 360.3140
'Pyrrhotite'  18.200 4 -1.0000 'H+' 1.0000 'Fe++' 1.0000 'HS-'   -3.5338   -3.7767   -4.0450   -4.3492   -4.8133   -5.2406   -5.7352   -6.3392  87.9130
'Quartz'  22.690 2 1.0000 'SiO2(aq)'   -3.7946   -3.3776   -3.0707   -2.7979   -2.5038   -2.3050   -2.1405   -2.0190  60.0840
'Rhodochrosite'  31.075 4 -1.0000 'H+' 1.0000 'HCO3-' 1.0000 'Mn++'    0.6916    0.0183   -0.4730   -0.9359   -1.5068   -1.9822   -2.5034   -3.1157 114.9470
'Romarchite'  20.895 4 -2.0000 'H+' 1.0000 'H2O' 1.0000 'Sn++'    1.5250    1.2628    1.0893    0.9438    0.7822    0.6562    0.5212    0.3630 134.7090
'Ruthenium'   8.175 5 -1.5000 'O2(g)' -1.0000 'H2O' 1.0000 'RuO4--' 2.0000 'H+'   13.6674    8.4950    5.1368    2.2720   -0.8192   -3.0135   -5.0351   -6.9348 101.0700
'RuO2'  19.050 5 -1.0000 'H2O' -0.5000 'O2(g)' 1.0000 'RuO4--' 2.0000 'H+'  -35.5438  -31.6381  -29.5363  -28.0290  -26.7470  -26.0861  -25.6850  -25.5039 133.0690
'Sulfur(s)'  15.610 5 -1.0000 'H2O' 0.5000 'O2(g)' 1.0000 'H+' 1.0000 'HS-'  -47.9304  -39.9628  -35.2918  -31.6467  -28.1312  -25.9313  -24.1623  -22.7725  32.0660
'Sepiolite' 285.600 5 -8.0000 'H+' 4.0000 'Mg++' 6.0000 'SiO2(aq)' 11.0000 'H2O'   36.6830   28.8092   24.6863   21.7413   19.0837   17.4440   16.0089   14.5678 647.8300
'SiO2(am)'  27.270 2 1.0000 'SiO2(aq)'   -2.7783   -2.5684   -2.3425   -2.1191   -1.8697   -1.7040   -1.5752   -1.4940  60.0840
'Siderite'  29.378 4 -1.0000 'H+' 1.0000 'Fe++' 1.0000 'HCO3-'    0.4284   -0.5494   -1.2359   -1.8610   -2.6008   -3.1914   -3.8147   -4.5191 115.8560
'Sillimanite'  49.900 5 -6.0000 'H+' 1.0000 'SiO2(aq)' 2.0000 'Al+++' 3.0000 'H2O'   20.9122   13.3028    8.7241    5.0411    1.2777   -1.2868   -3.6054   -5.7962 162.0460
'Smithsonite'  28.275 4 -1.0000 'H+' 1.0000 'HCO3-' 1.0000 'Zn++'    1.0663    0.1354   -0.5090   -1.0916   -1.7798   -2.3313   -2.9178   -3.5878 125.3990
'Sphalerite'  23.830 4 -1.0000 'H+' 1.0000 'HS-' 1.0000 'Zn++'  -11.9047  -10.8762  -10.3578  -10.0147   -9.7802   -9.7304   -9.8078  -10.0428  97.4560
'Spinel'  39.710 5 -8.0000 'H+' 1.0000 'Mg++' 2.0000 'Al+++' 4.0000 'H2O'   44.2607   32.4596   25.3240   19.5806   13.7360    9.7925    6.2818    3.0438 142.2660
'Strontianite'  39.010 4 -1.0000 'H+' 1.0000 'HCO3-' 1.0000 'Sr++'   -0.0730   -0.3135   -0.5610   -0.8368   -1.2257   -1.5832   -2.0026   -2.5244 147.6290
'Sylvite'  37.524 3 1.0000 'Cl-' 1.0000 'K+'    0.5898    1.0982    1.2930    1.3702    1.3431    1.2359    1.0492    0.7571  74.5510
'Tenorite'  12.220 4 -2.0000 'H+' 1.0000 'Cu++' 1.0000 'H2O'    8.7681    6.8555    5.7293    4.8427    3.9586    3.3698    2.8456    2.3542  79.5450
'Tremolite' 272.920 6 -14.0000 'H+' 2.0000 'Ca++' 5.0000 'Mg++' 8.0000 'H2O' 8.0000 'SiO2(aq)'   72.9021   56.5556   47.3351   40.2661   33.3745   28.8429   24.7915   20.8668 812.3660
'Uraninite'  24.638 5 -2.0000 'H+' -0.5000 'O2(g)' 1.0000 'H2O' 1.0000 'UO2++'   31.1955   24.7016   20.8116   17.6977   14.5659   12.4952   10.7024    9.1113 270.0280
'Wairakite' 186.870 6 -8.0000 'H+' 1.0000 'Ca++' 2.0000 'Al+++' 4.0000 'SiO2(aq)' 6.0000 'H2O'   24.6072   15.3830   10.0483    5.8701    1.6959   -1.1129   -3.6612   -6.1337 434.4060
'Wollastonite'  39.930 5 -2.0000 'H+' 1.0000 'Ca++' 1.0000 'H2O' 1.0000 'SiO2(aq)'   15.6615   12.8455   11.2150    9.9346    8.6591    7.8105    7.0551    6.3408 116.1620
'Wurtzite'  23.846 4 -1.0000 'H+' 1.0000 'HS-' 1.0000 'Zn++'   -9.3941   -8.7555   -8.4722   -8.3178   -8.2725   -8.3467   -8.5294   -8.8552  97.4560
'Zincite'  14.338 4 -2.0000 'H+' 1.0000 'H2O' 1.0000 'Zn++'   12.7234   10.0821    8.5131    7.2688    6.0235    5.1966    4.4692    3.8019  81.3890
'Zoisite' 135.900 6 -13.0000 'H+' 2.0000 'Ca++' 3.0000 'Al+++' 3.0000 'SiO2(aq)' 7.0000 'H2O'   52.7889   37.5806   28.5465   21.3375   14.0218    9.0591    4.5733    0.3069 454.3570
'Quicksilver'  14.822 5 -2.0000 'H+' -0.5000 'O2(g)' 1.0000 'H2O' 1.0000 'Hg++'   14.6293   11.1986    9.1714    7.5710    5.9843    4.9469    4.0524    3.2535 200.5900
'null' 1 0. '0' 0. 0. 0. 0. 0. 0. 0. 0. 0. 0. 0.
!:oxide_name molar_vol  num (n_i A_i, i=1,num) log K (1:8)  formula weight [g]
