'temperatures(degC) points' 8    0.0   25.0   60.0  100.0  120.0  150.0  250.0  300.0
!:database is isobaric, at 350 bars
!:basis_species  a0  valence  formula weight [g]
'H2O' 3.0 0.0 18.015
'Ag+' 3.0 1.0 107.868
'Al+++' 9.0 3.0 26.982
'Au+' 4.0 1.0 196.967
'B(OH)3(aq)' 3.0 0.0 61.833
'Ba++' 5.0 2.0 137.327
'Be++' 8.0 2.0 9.012
'Br-' 4.0 -1.0 79.904
'Ca++' 6.0 2.0 40.078
'Cd++' 4.5 2.0 112.411
'Ce+++' 9.0 3.0 140.115
'Cl-' 3.0 -1.0 35.453
'Co++' 4.5 2.0 58.933
'CrO4--' 4.0 -2.0 115.994
'Cs+' 4.0 1.0 132.905
'Cu++' 6.0 2.0 63.546
'Dy+++' 5.0 3.0 162.5
'Er+++' 5.0 3.0 167.26
'Eu+++' 5.0 3.0 151.965
'F-' 4.0 -1.0 18.998
'Fe++' 6.0 2.0 55.847
'Ga+++' 5.0 3.0 69.723
'Gd+++' 5.0 3.0 157.25
'H+' 9.0 1.0 1.008
'H2AsO4-' 4.0 -1.0 140.935
'HCO3-' 4.0 -1.0 61.017
'HPO4--' 4.0 -2.0 95.979
'He(aq)' 3.0 0.0 4.003
'Hg++' 4.5 2.0 200.59
'Ho+++' 5.0 3.0 164.93
'I-' 3.0 -1.0 126.904
'In+++' 5.0 3.0 114.82
'K+' 3.0 1.0 39.098
'Kr(aq)' 3.0 0.0 83.8
'La+++' 9.0 3.0 138.905
'Li+' 4.0 1.0 6.941
'Lu+++' 5.0 3.0 174.967
'Mg++' 8.0 2.0 24.305
'Mn++' 6.0 2.0 54.938
'MoO4--' 4.0 -2.0 159.938
'NH3(aq)' 3.0 0.0 17.031
'Na+' 4.0 1.0 22.99
'Nd+++' 5.0 3.0 144.24
'Ne(aq)' 3.0 0.0 20.18
'Ni++' 4.5 2.0 58.69
'Pb++' 5.0 2.0 207.2
'Pd++' 4.5 2.0 106.42
'Pr+++' 5.0 3.0 140.908
'Ra++' 4.5 2.0 226.025
'Rb+' 4.0 1.0 85.468
'ReO4-' 4.0 -1.0 250.205
'Rn(aq)' 3.0 0.0 222.0
'RuO4--' 4.0 -2.0 165.068
'SO4--' 4.0 -2.0 96.064
'Sc+++' 5.0 3.0 44.956
'SeO3--' 4.0 -2.0 126.958
'SiO2(aq)' 3.0 0.0 60.084
'Sm+++' 5.0 3.0 150.36
'Sn++' 6.0 2.0 118.71
'Sr++' 5.0 2.0 87.62
'Tb+++' 5.0 3.0 158.925
'TcO4-' 4.0 -1.0 161.998
'Th++++' 5.5 4.0 232.038
'Tl+' 4.0 1.0 204.383
'Tm+++' 5.0 3.0 168.934
'UO2++' 4.5 2.0 270.028
'VO++' 4.5 2.0 66.941
'WO4--' 4.0 -2.0 247.848
'Xe(aq)' 3.0 0.0 131.29
'Y+++' 5.0 3.0 88.906
'Yb+++' 5.0 3.0 173.04
'Zn++' 6.0 2.0 65.39
'O2(g)' 3.0 0.0 31.999
'null' 0 0 0
!:species_name  num (n_i A_i, i=1,num)  log K (1:8)  a0  valence  formula weight [g]
'HS-' 4 -2.0000 'O2(g)' 1.0000 'H+' 1.0000 'SO4--'  146.8458  132.5590  116.0411  100.8470   94.3710   85.7605   63.8469   55.5169 3.0 -1.0 33.074
'S2--' 4 -1.0000 'H2O' 0.5000 'O2(g)' 2.0000 'HS-'  -35.3920  -31.8305  -27.7174  -23.9526  -22.3562  -20.2435  -14.9441  -12.9827 4.0 -2.0 64.132
'S2O3--' 5 -2.0000 'O2(g)' -1.0000 'H2O' 2.0000 'H+' 2.0000 'SO4--'  141.9098  127.8551  111.5045   96.3662   89.8802   81.2175   58.8618   50.1433 4.0 -2.0 112.13
'Ag++' 5 -0.5000 'H2O' 0.2500 'O2(g)' 1.0000 'Ag+' 1.0000 'H+'   13.1320   12.7963   12.4268   12.1015   11.9687   11.8005   11.4618   11.4031 4.5 2.0 107.868
'Au+++' 5 -1.0000 'H2O' 0.5000 'O2(g)' 1.0000 'Au+' 2.0000 'H+'    4.4191    5.6534    7.0625    8.3361    8.8742    9.5895   11.4752   12.2673 5.0 3.0 196.967
'Br3-' 5 -1.0000 'H2O' 0.5000 'O2(g)' 2.0000 'H+' 3.0000 'Br-'   -6.5667   -5.6436   -4.8208   -4.3098   -4.1769   -4.0970   -4.6344   -5.3462 4.0 -1.0 239.712
'BrO-' 3 0.5000 'O2(g)' 1.0000 'Br-'   12.6568   12.2211   11.7281   11.2777   11.0859   10.8309   10.1862    9.9476 4.0 -1.0 95.903
'BrO3-' 3 1.0000 'Br-' 1.5000 'O2(g)'   22.4280   21.5549   20.5508   19.6328   19.2432   18.7261   17.4085   16.8988 4.0 -1.0 127.902
'BrO4-' 3 1.0000 'Br-' 2.0000 'O2(g)'   41.1871   39.0428   36.5482   34.2456   33.2622   31.9527   28.6018   27.3136 4.0 -1.0 143.902
'CN-' 5 -2.0000 'H2O' -0.5000 'O2(g)' 1.0000 'HCO3-' 1.0000 'NH3(aq)'   60.2998   54.6778   48.2012   42.2572   39.7277   36.3696   27.8774   24.7038 4.0 -1.0 26.018
'ClO-' 3 0.5000 'O2(g)' 1.0000 'Cl-'   17.4004   16.4500   15.3653   14.3723   13.9495   13.3875   11.9612   11.4260 4.0 -1.0 51.452
'ClO2-' 3 1.0000 'Cl-' 1.0000 'O2(g)'   27.6398   26.0329   24.1775   22.4703   21.7419   20.7724   18.2993   17.3597 4.0 -1.0 67.451
'ClO3-' 3 1.0000 'Cl-' 1.5000 'O2(g)'   22.7275   21.7228   20.5477   19.4548   18.9847   18.3547   16.7104   16.0581 4.0 -1.0 83.451
'ClO4-' 3 1.0000 'Cl-' 2.0000 'O2(g)'   22.2391   21.6616   20.9551   20.2734   19.9723   19.5605   18.4267   17.9430 3.0 -1.0 99.45
'Co+++' 5 -0.5000 'H2O' 0.2500 'O2(g)' 1.0000 'Co++' 1.0000 'H+'   12.3211   12.1780   12.0442   11.9443   11.9099   11.8753   11.8891   11.9615 5.0 3.0 58.933
'Cr++' 5 -2.0000 'H2O' -1.0000 'O2(g)' 1.0000 'CrO4--' 4.0000 'H+'   18.4201   16.1306   13.2926   10.4779    9.2080    7.4421    2.3978    0.1285 4.5 2.0 51.996
'Cr+++' 5 -2.5000 'H2O' -0.7500 'O2(g)' 1.0000 'CrO4--' 5.0000 'H+'  -13.3481  -11.9506  -10.5336   -9.4457   -9.0551   -8.6143   -8.0304   -8.1540 5.0 3.0 51.996
'Cu+' 5 -1.0000 'H+' -0.2500 'O2(g)' 0.5000 'H2O' 1.0000 'Cu++'   20.4615   18.0871   15.3385   12.8137   11.7386   10.3088    6.6478    5.2357 4.0 1.0 63.546
'Eu++' 5 -1.0000 'H+' -0.2500 'O2(g)' 0.5000 'H2O' 1.0000 'Eu+++'   30.3248   26.8108   22.7300   18.9661   17.3584   15.2156    9.7139    7.5968 4.5 2.0 151.965
'Fe+++' 5 -0.5000 'H2O' 0.2500 'O2(g)' 1.0000 'Fe++' 1.0000 'H+'   -9.3974   -7.7962   -5.9480   -4.2538   -3.5325   -2.5723   -0.0952    0.8737 9.0 3.0 55.847
'H2(aq)' 3 -0.5000 'O2(g)' 1.0000 'H2O'   49.1755   44.6945   39.4800   34.6609   32.6015   29.8590   22.8717   20.2270 3.0 0.0 2.016
'H2AsO3-' 3 -0.5000 'O2(g)' 1.0000 'H2AsO4-'   32.1614   29.0441   25.4634   22.1897   20.8010   18.9622   14.3444   12.6351 4.0 -1.0 124.936
'HSO5-' 4 0.5000 'O2(g)' 1.0000 'H+' 1.0000 'SO4--'   21.0287   18.9512   16.3522   13.7857   12.6348   11.0421    6.5323    4.5245 4.0 -1.0 113.071
'HSe-' 4 -1.5000 'O2(g)' 1.0000 'H+' 1.0000 'SeO3--'   80.9559   72.5826   62.8483   53.8418   49.9847   44.8352   31.5658   26.4113 4.0 -1.0 79.968
'Hg2++' 5 -2.0000 'H+' -0.5000 'O2(g)' 1.0000 'H2O' 2.0000 'Hg++'   12.7635   10.9578    8.8880    7.0181    6.2326    5.1981    2.5891    1.5787 4.5 2.0 401.18
'I3-' 5 -1.0000 'H2O' 0.5000 'O2(g)' 2.0000 'H+' 3.0000 'I-'  -26.2368  -23.4751  -20.5310  -18.0917  -17.1470  -15.9994  -13.8987  -13.6511 4.0 -1.0 380.713
'IO-' 3 0.5000 'O2(g)' 1.0000 'I-'    1.2546    2.0625    3.0252    3.9215    4.3051    4.8163    6.1279    6.6344 4.0 -1.0 142.904
'IO3-' 3 1.0000 'I-' 1.5000 'O2(g)'  -16.0315  -13.3957  -10.3690   -7.6115   -6.4462   -4.9085   -1.0840    0.3117 4.0 -1.0 174.903
'IO4-' 3 1.0000 'I-' 2.0000 'O2(g)'   -2.5932   -1.0674    0.6540    2.1965    2.8399    3.6794    5.6927    6.3737 4.0 -1.0 190.902
'Mn+++' 5 -0.5000 'H2O' 0.2500 'O2(g)' 1.0000 'H+' 1.0000 'Mn++'    3.8630    4.6474    5.5845    6.4700    6.8560    7.3807    8.8180    9.4271 5.0 3.0 54.938
'MnO4--' 5 -4.0000 'H+' 1.0000 'Mn++' 1.0000 'O2(g)' 2.0000 'H2O'   37.5217   35.2300   32.8241   30.8652   30.1171   29.2181   27.6145   27.4418 4.0 -2.0 118.936
'N2(aq)' 4 -3.0000 'H2O' 1.5000 'O2(g)' 2.0000 'NH3(aq)' -123.2071 -111.8611  -98.9793  -87.3510  -82.4670  -76.0514  -60.2708  -54.6030 3.0 0.0 28.013
'NO2-' 5 -1.0000 'H+' -1.0000 'H2O' 1.0000 'NH3(aq)' 1.5000 'O2(g)'  -47.3215  -42.4003  -36.6801  -31.3855  -29.1169  -26.0866  -18.2587  -15.1915 4.0 -1.0 46.006
'NO3-' 5 -1.0000 'H+' -1.0000 'H2O' 1.0000 'NH3(aq)' 2.0000 'O2(g)'  -62.7400  -56.1619  -48.5593  -41.5573  -38.5681  -34.5874  -24.3966  -20.4685 3.0 -1.0 62.005
'O2(aq)' 2 1.0000 'O2(g)'    2.8411    3.0832    3.2384    3.2703    3.2491    3.1845    2.7823    2.4966 3.0 0.0 31.999
'Ru++' 5 -2.0000 'H2O' -1.0000 'O2(g)' 1.0000 'RuO4--' 4.0000 'H+'   -3.8663   -4.3946   -5.1703   -6.0682   -6.5160   -7.1842   -9.3779  -10.4473 4.5 2.0 101.07
'Ru+++' 5 -2.5000 'H2O' -0.7500 'O2(g)' 1.0000 'RuO4--' 5.0000 'H+'  -23.0940  -21.1417  -19.0514  -17.3187  -16.6462  -15.8238  -14.1956  -13.7923 5.0 3.0 101.07
'S2O4--' 3 0.5000 'O2(g)' 1.0000 'S2O3--'  -15.2273  -13.6297  -11.7879  -10.1055   -9.3932   -8.4519   -6.1033   -5.2431 4.0 -2.0 128.13
'S2O6--' 3 1.0000 'S2O3--' 1.5000 'O2(g)'  -85.9814  -77.6988  -68.1779  -59.4758  -55.7862  -50.9035  -38.6634  -34.1463 4.0 -2.0 160.128
'S2O8--' 3 1.0000 'S2O3--' 2.5000 'O2(g)' -114.5751 -103.4912  -90.7930  -79.2170  -74.3178  -67.8436  -51.6826  -45.7625 4.0 -2.0 192.127
'S3--' 6 -1.0000 'H2O' 0.5000 'O2(g)' 1.0000 'H+' 1.0000 'HS-' 1.0000 'S2--'  -49.0457  -44.6292  -39.6469  -35.1904  -33.3352  -30.9199  -25.1786  -23.2830 4.0 -2.0 96.198
'S3O6--' 5 -0.5000 'H2O' 1.0000 'H+' 1.0000 'O2(g)' 1.5000 'S2O3--'  -56.5763  -51.2489  -45.2031  -39.7622  -37.4860  -34.5101  -27.3454  -24.9194 4.0 -2.0 192.194
'S4--' 5 -1.0000 'H2O' 0.5000 'O2(g)' 2.0000 'H+' 2.0000 'S2--'  -62.4621  -57.2085  -51.3779  -46.2485  -44.1426  -41.4354  -35.2791  -33.4601 4.0 -2.0 128.264
'S4O6--' 5 -1.0000 'H2O' 0.5000 'O2(g)' 2.0000 'H+' 2.0000 'S2O3--'  -43.9576  -40.6270  -36.9933  -33.8762  -32.6272  -31.0593  -27.8081  -27.0988 4.0 -2.0 224.26
'S5--' 6 -2.0000 'H2O' 1.0000 'HS-' 1.0000 'O2(g)' 2.0000 'S2--' 3.0000 'H+' -111.0303 -101.3985  -90.6294  -81.0831  -77.1389  -72.0385  -60.1963  -56.5031 4.0 -2.0 160.33
'S5O6--' 4 -1.5000 'H2O' 2.5000 'S2O3--' 3.0000 'H+'   -0.9433   -1.2774   -1.8977   -2.7210   -3.1627   -3.8569   -6.4865   -8.1133 4.0 -2.0 256.326
'SCN-' 6 -3.0000 'H2O' 1.0000 'H+' 1.0000 'HCO3-' 1.0000 'HS-' 1.0000 'NH3(aq)'   -2.7828   -2.8649   -3.0719   -3.3859   -3.5638   -3.8510   -4.9672   -5.6497 4.0 -1.0 58.084
'SO3--' 3 -0.5000 'O2(g)' 1.0000 'SO4--'   49.4819   45.0710   40.0238   35.4259   33.4810   30.9121   24.5033   22.1528 4.0 -2.0 80.064
'SeO4--' 3 0.5000 'O2(g)' 1.0000 'SeO3--'  -13.8806  -12.4394  -10.7934   -9.2948   -8.6609   -7.8234   -5.7357   -4.9725 4.0 -2.0 142.958
'Sm++' 5 -1.0000 'H+' -0.2500 'O2(g)' 0.5000 'H2O' 1.0000 'Sm+++'   52.5972   47.3349   41.2291   35.6010   33.1989   30.0012   21.8330   18.7223 4.5 2.0 150.36
'Tl+++' 5 -1.0000 'H2O' 0.5000 'O2(g)' 1.0000 'Tl+' 2.0000 'H+'    0.0392    1.5703    3.2933    4.8293    5.4708    6.3149    8.4744    9.3469 5.0 3.0 204.383
'U+++' 5 -0.7500 'O2(g)' -0.5000 'H2O' 1.0000 'H+' 1.0000 'UO2++'   68.8826   62.6700   55.6029   49.2006   46.5035   42.9528   34.1829   31.0209 5.0 3.0 238.029
'U++++' 5 -1.0000 'H2O' -0.5000 'O2(g)' 1.0000 'UO2++' 2.0000 'H+'   34.5113   32.2650   29.6526   27.2281   26.1904   24.8118   21.3877   20.1787 5.5 4.0 238.029
'UO2+' 5 -3.0000 'H+' 0.2500 'O2(g)' 1.0000 'U++++' 1.5000 'H2O'  -13.0364  -12.9952  -12.8410  -12.5911  -12.4538  -12.2466  -11.6654  -11.4844 4.0 1.0 270.028
'V+++' 5 -0.5000 'H2O' -0.2500 'O2(g)' 1.0000 'H+' 1.0000 'VO++'   16.3782   15.0203   13.5273   12.2193   11.6828   10.9930    9.4093    8.9095 5.0 3.0 50.941
'VO2+' 5 -1.0000 'H+' 0.2500 'O2(g)' 0.5000 'H2O' 1.0000 'VO++'   -3.9734   -3.7003   -3.2662   -2.7543   -2.5017   -2.1330   -1.0266   -0.5552 4.0 1.0 82.94
'VO4---' 5 -6.0000 'H+' 0.5000 'O2(g)' 1.0000 'V+++' 3.0000 'H2O'    9.0608    9.3073    9.6017    9.9275   10.0952   10.3592   11.4477   12.2449 4.0 -3.0 114.939
'Yb++' 5 -1.0000 'H+' -0.2500 'O2(g)' 0.5000 'H2O' 1.0000 'Yb+++'   43.3562   38.8416   33.6080   28.7884   26.7325   23.9961   17.0028   14.3345 4.5 2.0 173.04
'Ag(CO3)2---' 4 -2.0000 'H+' 1.0000 'Ag+' 2.0000 'HCO3-'   18.2574   18.2119   18.2213   18.2996   18.3606   18.4772   19.0876   19.5557 4.0 -3.0 227.887
'AgCO3-' 4 -1.0000 'H+' 1.0000 'Ag+' 1.0000 'HCO3-'    7.3810    7.4909    7.6507    7.8300    7.9173    8.0453    8.4466    8.6332 4.0 -1.0 167.877
'AgCl(aq)' 3 1.0000 'Ag+' 1.0000 'Cl-'   -3.5379   -3.2450   -2.9415   -2.7010   -2.6139   -2.5186   -2.4775   -2.6387 3 0.0 143.31822
'AgCl2-' 3 1.0000 'Ag+' 2.0000 'Cl-'   -5.5297   -5.1310   -4.7478   -4.4781   -4.3943   -4.3221   -4.4856   -4.8264 4.0 -1.0 178.774
'AgCl3--' 3 1.0000 'Ag+' 3.0000 'Cl-'   -5.7587   -4.9361   -4.2008   -3.7235   -3.5856   -3.4745   -3.7154   -4.1380 4.0 -2.0 214.226
'AgCl4---' 3 1.0000 'Ag+' 4.0000 'Cl-'   -4.6976   -3.5054   -2.4297   -1.7148   -1.4982   -1.3045   -1.4563   -1.8896 4.0 -3.0 249.679
'AgF(aq)' 3 1.0000 'Ag+' 1.0000 'F-'   -0.3655   -0.3513   -0.3983   -0.5003   -0.5651   -0.6780   -1.2125   -1.6190 3.0 0.0 126.867
'AgNO3(aq)' 3 1.0000 'Ag+' 1.0000 'NO3-'    0.2302    0.2980    0.3007    0.2350    0.1842    0.0904   -0.3663   -0.7107 3 0.0 169.87222
'Al(OH)2+' 4 -2.0000 'H+' 1.0000 'Al+++' 2.0000 'H2O'   12.7804   10.9774    8.8921    6.9937    6.1910    5.1272    2.3907    1.3087 4.0 1.0 60.996
'Al(OH)4-' 4 -4.0000 'H+' 1.0000 'Al+++' 4.0000 'H2O'   25.7887   22.9253   19.6605   16.7102   15.4687   13.8319    9.7356    8.2339 4.0 -1.0 58.98
'AlOH++' 4 -1.0000 'H+' 1.0000 'Al+++' 1.0000 'H2O'    5.8613    4.9935    3.9886    3.0730    2.6855    2.1713    0.8436    0.3169 4.5 2.0 43.989
'AsO2-' 4 -1.0000 'H2O' -0.5000 'O2(g)' 1.0000 'H2AsO4-'   32.1731   29.0395   25.4617   22.1981   20.8142   18.9821   14.3839   12.6870 4.0 -1.0 106.92
'AsO4---' 3 -2.0000 'H+' 1.0000 'H2AsO4-'   18.4861   18.0400   17.7960   17.8214   17.9167   18.1405   19.4645   20.4827 4.0 -3.0 138.919
'BF4-' 5 -3.0000 'H2O' 1.0000 'B(OH)3(aq)' 3.0000 'H+' 4.0000 'F-'  -17.9673  -17.6018  -17.4905  -17.6997  -17.8988  -18.2928  -20.3327  -21.8361 4.0 -1.0 86.805
'BO2-' 4 -1.0000 'H+' -1.0000 'H2O' 1.0000 'B(OH)3(aq)'    9.1791    8.9253    8.7005    8.5563    8.5168    8.4914    8.6719    8.9438 4.0 -1.0 42.81
'BaCO3(aq)' 4 -1.0000 'H+' 1.0000 'Ba++' 1.0000 'HCO3-'    8.0787    7.5366    6.9747    6.4981    6.3019    6.0412    5.2779    4.8371 3 0.0 197.33569999999997
'BaCl+' 3 1.0000 'Ba++' 1.0000 'Cl-'    0.7178    0.5350    0.2307   -0.1520   -0.3530   -0.6656   -1.8319   -2.5407 4.0 1.0 172.78
'BaF+' 3 1.0000 'Ba++' 1.0000 'F-'   -0.1928   -0.2821   -0.4819   -0.7664   -0.9241   -1.1775   -2.1813   -2.8216 4.0 1.0 156.325
'BaOH+' 4 -1.0000 'H+' 1.0000 'Ba++' 1.0000 'H2O'   14.9539   13.5119   11.9277   10.5434    9.9750    9.2394    7.4656    6.8172 4.0 1.0 154.334
'BeO2--' 4 -4.0000 'H+' 1.0000 'Be++' 2.0000 'H2O'   39.8929   37.2978   34.4025   31.8672   30.8352   29.5218   26.6667   25.9468 4.0 -2.0 41.011
'CO(aq)' 5 -1.0000 'H2O' -0.5000 'O2(g)' 1.0000 'H+' 1.0000 'HCO3-'   44.8731   40.4207   35.0972   30.0291   27.8121   24.8029   16.7150   13.3772 3 0.0 28.009999999999998
'CO2(aq)' 4 -1.0000 'H2O' 1.0000 'H+' 1.0000 'HCO3-'   -6.4008   -6.1802   -6.1165   -6.2433   -6.3586   -6.5787   -7.6035   -8.2735 3.0 0.0 44.01
'CO3--' 3 -1.0000 'H+' 1.0000 'HCO3-'   10.4424   10.1487    9.9561    9.9124    9.9386   10.0243   10.6361   11.1356 5.0 -2.0 60.009
'CaCO3(aq)' 4 -1.0000 'H+' 1.0000 'Ca++' 1.0000 'HCO3-'    7.3846    6.8673    6.3282    5.8696    5.6800    5.4266    4.6646    4.2121 3 0.0 100.0864
'CaCl+' 3 1.0000 'Ca++' 1.0000 'Cl-'    0.4036    0.3282    0.1277   -0.1746   -0.3455   -0.6222   -1.7177   -2.4049 4.0 1.0 75.531
'CaCl2(aq)' 3 1.0000 'Ca++' 2.0000 'Cl-'    0.5603    0.7324    0.7215    0.5000    0.3308    0.0174   -1.4926   -2.5763 3 0.0 110.97840000000001
'CaF+' 3 1.0000 'Ca++' 1.0000 'F-'   -0.6031   -0.6449   -0.8287   -1.1303   -1.3047   -1.5896   -2.7296   -3.4460 4.0 1.0 59.076
'CaHCO3+' 3 1.0000 'Ca++' 1.0000 'HCO3-'   -1.0381   -1.0093   -1.1258   -1.3760   -1.5310   -1.7923   -2.8782   -3.5728 4.0 1.0 101.095
'CaOH+' 4 -1.0000 'H+' 1.0000 'Ca++' 1.0000 'H2O'   14.1140   12.8601   11.4416   10.1674    9.6333    8.9310    7.1728    6.5048 4.0 1.0 57.085
'CaSO4(aq)' 3 1.0000 'Ca++' 1.0000 'SO4--'   -1.9826   -2.0594   -2.2224   -2.4565   -2.5907   -2.8163   -3.8592   -4.6605 3 0.0 136.13440000000003
'CdCl+' 3 1.0000 'Cd++' 1.0000 'Cl-'   -2.0976   -1.9358   -1.8932   -1.9849   -2.0680   -2.2288   -3.0308   -3.6060 4.0 1.0 147.864
'CdCl2(aq)' 3 1.0000 'Cd++' 2.0000 'Cl-'   -2.8454   -2.5002   -2.3612   -2.4747   -2.6052   -2.8734   -4.3035   -5.3716 3 0.0 183.3144
'CdCl3-' 3 1.0000 'Cd++' 3.0000 'Cl-'   -2.8672   -2.2399   -1.8793   -1.8813   -1.9927   -2.2640   -3.8695   -5.0750 4.0 -1.0 218.769
'CoCl+' 3 1.0000 'Cl-' 1.0000 'Co++'   -0.5808   -0.5330   -0.5904   -0.7553   -0.8651   -1.0574   -1.9183   -2.5068 4.0 1.0 94.386
'Cr2O7--' 4 -1.0000 'H2O' 2.0000 'CrO4--' 2.0000 'H+'  -14.6021  -14.3885  -14.3997  -14.6527  -14.8429  -15.1903  -16.8119  -17.9435 4.0 -2.0 215.988
'CrOH++' 4 -1.0000 'H+' 1.0000 'Cr+++' 1.0000 'H2O'    4.5473    3.9272    3.1691    2.4432    2.1250    1.6919    0.5063    0.0054 4.5 2.0 69.003
'CsBr(aq)' 3 1.0000 'Br-' 1.0000 'Cs+'    0.1426    0.0373   -0.1047   -0.2521   -0.3220   -0.4257   -0.8209   -1.1075 3 0.0 212.80945196599998
'CsCl(aq)' 3 1.0000 'Cl-' 1.0000 'Cs+'    0.3344    0.1866   -0.0083   -0.2099   -0.3047   -0.4431   -0.9284   -1.2376 3 0.0 168.35545196599998
'CsI(aq)' 3 1.0000 'Cs+' 1.0000 'I-'   -0.9361   -0.9034   -0.8864   -0.8922   -0.9035   -0.9309   -1.1352   -1.3415 3 0.0 259.809924966
'CuCl+' 3 1.0000 'Cl-' 1.0000 'Cu++'   -0.4019   -0.3705   -0.4691   -0.6859   -0.8213   -1.0511   -2.0275   -2.6688 4.0 1.0 98.999
'CuCl2(aq)' 3 1.0000 'Cu++' 2.0000 'Cl-'    0.6610    0.7677    0.6355    0.2726    0.0350   -0.3769   -2.1863   -3.4060 3.0 0.0 134.451
'CuCl2-' 3 1.0000 'Cu+' 2.0000 'Cl-'   -5.0035   -4.9458   -4.9281   -4.9666   -5.0052   -5.0863   -5.5824   -6.0193 4.0 -1.0 134.451
'CuCl3--' 3 1.0000 'Cu+' 3.0000 'Cl-'   -6.7005   -5.5215   -4.4619   -3.7642   -3.5561   -3.3755   -3.5764   -4.0402 4.0 -2.0 169.904
'CuCl4--' 3 1.0000 'Cu++' 4.0000 'Cl-'    4.0555    4.8126    5.2184    5.1630    5.0001    4.6322    2.6263    1.2103 4.0 -2.0 205.357
'CuF+' 3 1.0000 'Cu++' 1.0000 'F-'   -1.5362   -1.4895   -1.5731   -1.7736   -1.9007   -2.1178   -3.0557   -3.6838 4.0 1.0 82.544
'CuO2--' 4 -4.0000 'H+' 1.0000 'Cu++' 2.0000 'H2O'   44.4049   41.2218   37.7576   34.7975   33.6146   32.1308   29.0186   28.2789 4.0 -2.0 95.545
'CuOH+' 4 -1.0000 'H+' 1.0000 'Cu++' 1.0000 'H2O'    8.5900    7.8687    7.0384    6.2897    5.9762    5.5642    4.5273    4.1248 4.0 1.0 80.553
'EuCO3+' 4 -1.0000 'H+' 1.0000 'Eu+++' 1.0000 'HCO3-'    2.2893    2.3636    2.5044    2.6787    2.7630    2.8790    3.0926    3.0216 4.0 1.0 211.974
'EuCl++' 3 1.0000 'Cl-' 1.0000 'Eu+++'   -0.1202   -0.2840   -0.6105   -1.0415   -1.2701   -1.6259   -2.9358   -3.7086 4.5 2.0 187.418
'EuCl2+' 3 1.0000 'Eu+++' 2.0000 'Cl-'    0.3257    0.1065   -0.3368   -0.9308   -1.2505   -1.7554   -3.7071   -4.9373 4.0 1.0 222.87
'EuF++' 3 1.0000 'Eu+++' 1.0000 'F-'   -4.0978   -4.4153   -4.9198   -5.5109   -5.8067   -6.2513   -7.7973   -8.6712 4.5 2.0 170.963
'EuF2+' 3 1.0000 'Eu+++' 2.0000 'F-'   -7.5127   -7.6565   -8.0199   -8.5387   -8.8252   -9.2857  -11.1389  -12.3499 4.0 1.0 189.962
'EuNO3++' 3 1.0000 'Eu+++' 1.0000 'NO3-'   -1.4195   -0.8516   -0.3511   -0.0325    0.0569    0.1244   -0.0869   -0.4211 4.5 2.0 213.97
'EuOH++' 4 -1.0000 'H+' 1.0000 'Eu+++' 1.0000 'H2O'    9.3508    8.0582    6.5857    5.2640    4.7112    3.9856    2.1705    1.4801 4.5 2.0 168.972
'EuSO4+' 3 1.0000 'Eu+++' 1.0000 'SO4--'   -3.2708   -3.5810   -4.0109   -4.4781   -4.7069   -5.0535   -6.3802   -7.2800 4.0 1.0 248.029
'FeCl+' 3 1.0000 'Cl-' 1.0000 'Fe++'    0.1870    0.1924    0.0709   -0.1629   -0.3045   -0.5416   -1.5283   -2.1692 4.0 1.0 91.3
'FeCl++' 3 1.0000 'Cl-' 1.0000 'Fe+++'   -1.4827   -1.4988   -1.6274   -1.8536   -1.9881   -2.2121   -3.1492   -3.7652 4.5 2.0 91.3
'FeCl2(aq)' 3 1.0000 'Fe++' 2.0000 'Cl-'    9.7372    8.2536    6.3395    4.3864    3.4862    2.2090   -1.7009   -3.6658 3 0.0 126.74520000000001
'FeF+' 3 1.0000 'F-' 1.0000 'Fe++'   -1.4244   -1.3942   -1.4806   -1.6715   -1.7910   -1.9946   -2.8767   -3.4740 4.0 1.0 74.845
'FeF++' 3 1.0000 'F-' 1.0000 'Fe+++'   -5.7397   -6.0169   -6.4467   -6.9460   -7.1959   -7.5732   -8.9142   -9.6959 4.5 2.0 74.845
'FeOH+' 4 -1.0000 'H+' 1.0000 'Fe++' 1.0000 'H2O'   10.0405    9.2328    8.2934    7.4335    7.0690    6.5856    5.3477    4.8618 4.0 1.0 72.854
'FeOH++' 4 -1.0000 'H+' 1.0000 'Fe+++' 1.0000 'H2O'    2.8435    2.1611    1.3936    0.7152    0.4343    0.0674   -0.8549   -1.2166 4.5 2.0 72.854
'H2P2O7--' 4 -1.0000 'H2O' 2.0000 'H+' 2.0000 'HPO4--'  -11.5356  -11.7379  -12.3144  -13.1623  -13.6292  -14.3680  -17.1238  -18.7374 4.0 -2.0 175.959
'H2PO4-' 3 1.0000 'H+' 1.0000 'HPO4--'   -7.1626   -7.0492   -7.0385   -7.1395   -7.2203   -7.3716   -8.1041   -8.6268 4.0 -1.0 96.987
'H2S(aq)' 3 1.0000 'H+' 1.0000 'HS-'   -7.3166   -6.9001   -6.5658   -6.4027   -6.3820   -6.4087   -6.8772   -7.3173 3.0 0.0 34.082
'H2SeO3(aq)' 3 1.0000 'SeO3--' 2.0000 'H+'   -9.6721   -9.6141   -9.7707  -10.1212  -10.3406  -10.7129  -12.3045  -13.3819 3.0 0.0 128.974
'H2VO4-' 5 -3.0000 'H+' 0.2500 'O2(g)' 1.0000 'VO++' 2.5000 'H2O'    3.7505    3.2957    2.8542    2.5566    2.4681    2.3915    2.4636    2.6469 4.0 -1.0 116.955
'H3AsO4(aq)' 3 1.0000 'H+' 1.0000 'H2AsO4-'   -2.0997   -2.1888   -2.3511   -2.5570   -2.6650   -2.8334   -3.4842   -3.9211 3.0 0.0 141.943
'H3P2O7-' 4 -1.0000 'H2O' 2.0000 'HPO4--' 3.0000 'H+'  -13.8444  -14.0538  -14.6808  -15.6183  -16.1403  -16.9743  -20.1856  -22.1598 4.0 -1.0 176.967
'H3PO4(aq)' 3 1.0000 'HPO4--' 2.0000 'H+'   -9.1284   -9.1173   -9.2948   -9.6344   -9.8398  -10.1841  -11.6429  -12.6325 3.0 0.0 97.995
'H4P2O7(aq)' 4 -1.0000 'H2O' 2.0000 'HPO4--' 4.0000 'H+'  -15.2534  -15.5620  -16.3497  -17.4805  -18.1018  -19.0891  -22.8934  -25.2793 3.0 0.0 177.975
'Al(OH)3(aq)' 4 -3.0000 'H+' 1.0000 'Al+++' 3.0000 'H2O'   19.5601   17.1209   14.3086   11.7611   10.6891    9.2745    5.6791    4.2754 3.0 0.0 59.988
'HAsO2(aq)' 5 -1.0000 'H2O' -0.5000 'O2(g)' 1.0000 'H+' 1.0000 'H2AsO4-'   22.6103   19.9399   16.8215   13.9094   12.6506   10.9550    6.4510    4.5899 3.0 0.0 107.928
'HAsO4--' 3 -1.0000 'H+' 1.0000 'H2AsO4-'    6.7173    6.6246    6.6266    6.7297    6.8086    6.9542    7.6550    8.1593 4.0 -2.0 139.927
'HBrO(aq)' 3 1.0000 'BrO-' 1.0000 'H+'   -8.7431   -8.4086   -8.1125   -7.9233   -7.8712   -7.8354   -8.0222   -8.3072 3.0 0.0 96.911
'HCN(aq)' 3 1.0000 'CN-' 1.0000 'H+'   -9.8563   -9.1036   -8.3756   -7.8347   -7.6465   -7.4430   -7.2732   -7.4448 3 0.0 27.026
'HCl(aq)' 3 1.0000 'Cl-' 1.0000 'H+'    0.3938    0.5968    0.7043    0.6713    0.6105    0.4755   -0.3018   -0.9172 3.0 0.0 36.461
'HClO(aq)' 3 1.0000 'ClO-' 1.0000 'H+'   -7.6281   -7.3836   -7.1905   -7.0952   -7.0828   -7.0994   -7.4168   -7.7497 3.0 0.0 52.46
'HClO2(aq)' 3 1.0000 'ClO2-' 1.0000 'H+'   -1.6546   -1.8472   -2.1774   -2.5795   -2.7839   -3.0935   -4.1824   -4.8226 3.0 0.0 68.459
'HCoO2-' 4 -3.0000 'H+' 1.0000 'Co++' 2.0000 'H2O'   33.5333   31.3087   28.7425   26.4093   25.4284   24.1422   21.0337   19.9899 4.0 -1.0 91.94
'HCrO4-' 3 1.0000 'CrO4--' 1.0000 'H+'   -6.3718   -6.3722   -6.5211   -6.7940   -6.9559   -7.2229   -8.3013   -8.9866 4.0 -1.0 117.002
'HF(aq)' 3 1.0000 'F-' 1.0000 'H+'   -2.8963   -3.0816   -3.3884   -3.7605   -3.9505   -4.2400   -5.2742   -5.8806 3.0 0.0 20.006
'HF2-' 3 1.0000 'H+' 2.0000 'F-'   -2.0800   -2.4012   -2.8171   -3.2429   -3.4416   -3.7292   -4.6929   -5.2545 4.0 -1.0 39.005
'HIO3(aq)' 3 1.0000 'H+' 1.0000 'IO3-'   -0.6086   -0.7344   -0.9590   -1.2397   -1.3848   -1.6075   -2.4225   -2.9280 3.0 0.0 175.911
'HNO2(aq)' 3 1.0000 'H+' 1.0000 'NO2-'   -3.4529   -3.1896   -2.9543   -2.8035   -2.7620   -2.7338   -2.8890   -3.1279 3.0 0.0 47.013
'HNO3(aq)' 3 1.0000 'H+' 1.0000 'NO3-'    1.6264    1.3706    1.0102    0.6135    0.4214    0.1387   -0.8122   -1.3602 3.0 0.0 63.013
'HO2-' 4 -1.0000 'H+' 0.5000 'O2(g)' 1.0000 'H2O'   31.7136   29.6598   27.4275   25.5138   24.7456   23.7780   21.7209   21.2111 4.0 -1.0 33.007
'HP2O7---' 4 -1.0000 'H2O' 1.0000 'H+' 2.0000 'HPO4--'   -4.9172   -5.2064   -5.7789   -6.5240   -6.9128   -7.5074   -9.5680  -10.6798 4.0 -3.0 174.951
'HS2O3-' 5 -2.0000 'O2(g)' -1.0000 'H2O' 2.0000 'SO4--' 3.0000 'H+'  140.3351  126.1798  109.5939   94.1196   87.4491   78.4940   55.0333   45.6483 4.0 -1.0 113.138
'HSO3-' 3 1.0000 'H+' 1.0000 'SO3--'   -6.8972   -6.9868   -7.2454   -7.6241   -7.8325   -8.1631   -9.4142  -10.1664 4.0 -1.0 81.072
'HSO4-' 3 1.0000 'H+' 1.0000 'SO4--'   -1.5691   -1.8534   -2.3256   -2.8927   -3.1786   -3.6085   -5.0815   -5.8974 4.0 -1.0 97.072
'HSeO3-' 3 1.0000 'H+' 1.0000 'SeO3--'   -7.2779   -7.1328   -7.1236   -7.2600   -7.3663   -7.5619   -8.4702   -9.0899 4.0 -1.0 127.966
'HSeO4-' 3 1.0000 'H+' 1.0000 'SeO4--'   -1.5801   -1.7983   -2.2041   -2.7180   -2.9838   -3.3897   -4.8178   -5.6251 4.0 -1.0 143.966
'HSiO3-' 4 -1.0000 'H+' 1.0000 'H2O' 1.0000 'SiO2(aq)'   10.2725    9.6602    9.1097    8.7563    8.6569    8.5809    8.7814    9.0904 4.0 -1.0 77.092
'HVO4--' 5 -4.0000 'H+' 0.2500 'O2(g)' 1.0000 'VO++' 2.5000 'H2O'   11.8754   11.2374   10.4671    9.7687    9.4830    9.1231    8.4389    8.4153 4.0 -2.0 115.947
'KBr(aq)' 3 1.0000 'Br-' 1.0000 'K+'    2.0217    1.8062    1.5150    1.2040    1.0549    0.8356    0.0788   -0.3787 3 0.0 119.00231
'KCl(aq)' 3 1.0000 'Cl-' 1.0000 'K+'    2.9100    2.6013    2.2057    1.7989    1.6086    1.3334    0.4242   -0.1001 3 0.0 74.54831
'KHSO4(aq)' 4 1.0000 'H+' 1.0000 'K+' 1.0000 'SO4--'    2.2497    1.6742    0.7565   -0.3160   -0.8484   -1.6407   -4.3016   -5.7581 3 0.0 136.16231
'KI(aq)' 3 1.0000 'I-' 1.0000 'K+'    1.8011    1.6748    1.4872    1.2674    1.1553    0.9831    0.3356   -0.0832 3 0.0 166.002783
'KOH(aq)' 4 -1.0000 'H+' 1.0000 'H2O' 1.0000 'K+'   15.4067   14.3559   13.2405   12.3114   11.9465   11.4932   10.5300   10.2460 3 0.0 56.10531
'KSO4-' 3 1.0000 'K+' 1.0000 'SO4--'   -0.8345   -0.8561   -0.9762   -1.1755   -1.2912   -1.4818   -2.2798   -2.8231 4.0 -1.0 135.162
'LiCl(aq)' 3 1.0000 'Cl-' 1.0000 'Li+'    1.6143    1.5781    1.4525    1.2587    1.1484    0.9683    0.2235   -0.2817 3 0.0 42.39
'LiOH(aq)' 4 -1.0000 'H+' 1.0000 'H2O' 1.0000 'Li+'   14.4656   13.5625   12.5771   11.7358   11.3987   10.9722   10.0076    9.6838 3.0 0.0 23.948
'MgCO3(aq)' 4 -1.0000 'H+' 1.0000 'HCO3-' 1.0000 'Mg++'    7.6221    7.2214    6.8123    6.4810    6.3495    6.1773    5.6418    5.2811 3 0.0 84.31299999999999
'MgCl+' 3 1.0000 'Cl-' 1.0000 'Mg++'    0.1313    0.1644    0.0720   -0.1332   -0.2613   -0.4784   -1.3997   -2.0087 4.0 1.0 59.758
'MgF+' 3 1.0000 'F-' 1.0000 'Mg++'   -1.3453   -1.3189   -1.4442   -1.6971   -1.8504   -2.1057   -3.1583   -3.8372 4.0 1.0 43.303
'MgHCO3+' 3 1.0000 'HCO3-' 1.0000 'Mg++'   -1.0302   -1.0009   -1.1275   -1.3832   -1.5374   -1.7933   -2.8339   -3.4924 4.0 1.0 85.322
'MgSO4(aq)' 3 1.0000 'Mg++' 1.0000 'SO4--'   -2.1009   -2.1772   -2.3458   -2.5784   -2.7086   -2.9253   -3.9297   -4.7137 3.0 0.0 120.369
'MnCl+' 3 1.0000 'Cl-' 1.0000 'Mn++'    0.4255    0.1742   -0.2430   -0.7488   -1.0069   -1.4000   -2.7997   -3.6094 4.0 1.0 90.391
'MnF+' 3 1.0000 'F-' 1.0000 'Mn++'   -0.8580   -0.8438   -0.9594   -1.1868   -1.3249   -1.5568   -2.5327   -3.1754 4.0 1.0 73.936
'MnO4-' 5 -3.0000 'H+' 1.0000 'Mn++' 1.2500 'O2(g)' 1.5000 'H2O'   25.7517   24.0213   22.0954   20.4185   19.7370   18.8661   16.8784   16.2553 4.0 -1.0 118.936
'MnOH+' 4 -1.0000 'H+' 1.0000 'H2O' 1.0000 'Mn++'   11.4958   10.5347    9.4429    8.4645    8.0559    7.5200    6.1822    5.6717 4.0 1.0 71.945
'MnSO4(aq)' 3 1.0000 'Mn++' 1.0000 'SO4--'   -1.7411   -1.8788   -2.1186   -2.4210   -2.5829   -2.8436   -3.9700   -4.8040 3 0.0 150.9940443
'NH4+' 3 1.0000 'H+' 1.0000 'NH3(aq)'  -10.1108   -9.2794   -8.3197   -7.4335   -7.0538   -6.5462   -5.2321   -4.7170 3.0 1.0 18.038
'NaBr(aq)' 3 1.0000 'Br-' 1.0000 'Na+'    1.5198    1.4050    1.2164    0.9907    0.8757    0.6993    0.0304   -0.4121 3 0.0 102.893769282
'NaCl(aq)' 3 1.0000 'Cl-' 1.0000 'Na+'    0.8840    0.8199    0.6901    0.5162    0.4221    0.2718   -0.3418   -0.7686 3.0 0.0 58.442
'NaF(aq)' 3 1.0000 'F-' 1.0000 'Na+'    1.1470    1.0473    0.8777    0.6729    0.5677    0.4044   -0.2406   -0.6841 3 0.0 41.9881724456
'NaHSiO3(aq)' 5 -1.0000 'H+' 1.0000 'H2O' 1.0000 'Na+' 1.0000 'SiO2(aq)'    8.1235    7.8804    7.6818    7.5888    7.5788    7.5952    7.7911    7.8974 3 0.0 100.07976928199999
'NaI(aq)' 3 1.0000 'I-' 1.0000 'Na+'    1.6767    1.5840    1.4221    1.2179    1.1105    0.9428    0.2929   -0.1363 3 0.0 149.894242282
'NaOH(aq)' 4 -1.0000 'H+' 1.0000 'H2O' 1.0000 'Na+'   15.0429   14.1164   13.1266   12.3011   11.9772   11.5754   10.7221   10.4662 3.0 0.0 39.997
'NaSO4-' 3 1.0000 'Na+' 1.0000 'SO4--'   -0.5324   -0.5943   -0.7551   -0.9800   -1.1019   -1.2953   -2.0641   -2.5780 4.0 -1.0 119.053
'NiCl+' 3 1.0000 'Cl-' 1.0000 'Ni++'    1.0733    1.0226    0.8569    0.6007    0.4552    0.2189   -0.7300   -1.3403 4.0 1.0 94.143
'OH-' 3 -1.0000 'H+' 1.0000 'H2O'   14.7690   13.8535   12.9027   12.1361   11.8470   11.5060   10.9819   11.0244 3.0 -1.0 17.007
'P2O7----' 3 -1.0000 'H2O' 2.0000 'HPO4--'    4.4785    4.0120    3.4874    3.0172    2.8207    2.5640    1.9440    1.7263 4.0 -4.0 173.943
'PO4---' 3 -1.0000 'H+' 1.0000 'HPO4--'   12.3921   12.1054   11.9321   11.9167   11.9586   12.0692   12.7708   13.3117 4.0 -3.0 94.971
'PbCl+' 3 1.0000 'Cl-' 1.0000 'Pb++'   -1.3697   -1.4002   -1.5374   -1.7637   -1.8959   -2.1144   -3.0289   -3.6409 4.0 1.0 242.653
'PbCl2(aq)' 3 1.0000 'Pb++' 2.0000 'Cl-'   -1.8458   -1.9109   -2.1459   -2.5195   -2.7354   -3.0912   -4.5839   -5.6016 3 0.0 278.11
'PbCl3-' 3 1.0000 'Pb++' 3.0000 'Cl-'   -1.4737   -1.5248   -1.7798   -2.2061   -2.4563   -2.8718   -4.6287   -5.8258 4.0 -1.0 313.558
'PbCl4--' 3 1.0000 'Pb++' 4.0000 'Cl-'   -1.2342   -1.1756   -1.3218   -1.6633   -1.8821   -2.2603   -3.9467   -5.1208 4.0 -2.0 349.011
'PbF+' 3 1.0000 'F-' 1.0000 'Pb++'   -2.1100   -2.0216   -2.0273   -2.1325   -2.2121   -2.3595   -3.0828   -3.6141 4.0 1.0 226.198
'PbF2(aq)' 3 1.0000 'Pb++' 2.0000 'F-'   -3.5942   -3.3388   -3.2277   -3.2962   -3.3857   -3.5781   -4.7006   -5.6109 3.0 0.0 245.197
'PdCl+' 3 1.0000 'Cl-' 1.0000 'Pd++'   -6.5966   -6.0598   -5.5666   -5.2359   -5.1378   -5.0576   -5.2555   -5.6103 4.0 1.0 141.873
'PdCl2(aq)' 3 1.0000 'Pd++' 2.0000 'Cl-'  -11.7168  -10.6080   -9.5601   -8.8218   -8.5861   -8.3654   -8.5543   -9.1603 3.0 0.0 177.325
'PdCl3-' 3 1.0000 'Pd++' 3.0000 'Cl-'  -14.6000  -12.9346  -11.3332  -10.1651   -9.7703   -9.3622   -9.2131   -9.7482 4.0 -1.0 212.778
'PdCl4--' 3 1.0000 'Pd++' 4.0000 'Cl-'  -17.2544  -14.8304  -12.4218  -10.5719   -9.9046   -9.1517   -8.2208   -8.4971 4.0 -2.0 248.231
'PdO(aq)' 4 -2.0000 'H+' 1.0000 'H2O' 1.0000 'Pd++'    2.1971    2.0937    2.0164    1.9876    1.9870    1.9946    2.0129    1.9788 3.0 0.0 122.419
'PdOH+' 4 -1.0000 'H+' 1.0000 'H2O' 1.0000 'Pd++'    1.0136    0.9146    0.7997    0.7015    0.6619    0.6100    0.4570    0.3709 4.0 1.0 123.427
'RbBr(aq)' 3 1.0000 'Br-' 1.0000 'Rb+'    1.4800    1.2721    1.0003    0.7208    0.5901    0.4004   -0.2464   -0.6457 3 0.0 165.37183
'RbCl(aq)' 3 1.0000 'Cl-' 1.0000 'Rb+'    1.2107    1.0134    0.7573    0.4929    0.3682    0.1858   -0.4507   -0.8522 3 0.0 120.91783000000001
'RbF(aq)' 3 1.0000 'F-' 1.0000 'Rb+'   -0.9091   -0.9252   -0.9738   -1.0456   -1.0874   -1.1593   -1.5217   -1.8283 3 0.0 104.46623316360001
'RbI(aq)' 3 1.0000 'I-' 1.0000 'Rb+'    1.1516    1.0352    0.8693    0.6829    0.5899    0.4485   -0.0858   -0.4440 3 0.0 212.372303
'Ru(SO4)2-' 3 1.0000 'Ru+++' 2.0000 'SO4--'   -1.3999   -2.4066   -3.7300   -5.1008   -5.7436   -6.6762   -9.8052  -11.6239 4.0 -1.0 293.197
'RuCl+' 3 1.0000 'Cl-' 1.0000 'Ru++'    0.5834    0.5407    0.3762    0.1141   -0.0361   -0.2811   -1.2668   -1.8980 4.0 1.0 136.523
'RuCl++' 3 1.0000 'Cl-' 1.0000 'Ru+++'   -2.2360   -2.1445   -2.2177   -2.4533   -2.6101   -2.8823   -4.0508   -4.8020 4.5 2.0 136.523
'RuCl4-' 3 1.0000 'Ru+++' 4.0000 'Cl-'   -5.3172   -3.9480   -2.7556   -2.0293   -1.8462   -1.7480   -2.6367   -3.7755 4.0 -1.0 242.881
'RuCl5--' 3 1.0000 'Ru+++' 5.0000 'Cl-'   -6.4101   -3.5846   -0.7766    1.3781    2.1540    3.0266    4.0461    3.5998 4.0 -2.0 278.333
'RuCl6---' 3 1.0000 'Ru+++' 6.0000 'Cl-'   -7.4549   -3.0655    1.6152    5.5544    7.1119    9.0475   12.9335   13.6366 4.0 -3.0 313.786
'RuOH++' 4 -1.0000 'H+' 1.0000 'H2O' 1.0000 'Ru+++'    3.0057    2.3588    1.5997    0.9035    0.6077    0.2139   -0.8176   -1.2375 4.5 2.0 118.077
'RuSO4(aq)' 3 1.0000 'Ru++' 1.0000 'SO4--'   -2.1965   -2.2651   -2.4313   -2.6715   -2.8086   -3.0381   -4.0974   -4.9118 3.0 0.0 197.134
'RuSO4+' 3 1.0000 'Ru+++' 1.0000 'SO4--'   -1.4713   -1.9129   -2.4941   -3.1015   -3.3906   -3.8179   -5.3552   -6.3383 4.0 1.0 197.134
'S2O5--' 3 1.0000 'O2(g)' 1.0000 'S2O3--'  -52.0281  -46.9512  -41.1112  -35.7727  -33.5093  -30.5143  -23.0086  -20.2397 4.0 -2.0 144.129
'SO2(aq)' 4 -1.0000 'H2O' 1.0000 'SO3--' 2.0000 'H+'   -8.3890   -8.6974   -9.3558  -10.2470  -10.7228  -11.4629  -14.1512  -15.7076 3.0 0.0 64.065
'SiF6--' 5 -2.0000 'H2O' 1.0000 'SiO2(aq)' 4.0000 'H+' 6.0000 'F-'  -26.5056  -25.5800  -24.7711  -24.2825  -24.1684  -24.1352  -25.1214  -26.3550 4.0 -2.0 142.076
'SnOH+' 4 -1.0000 'H+' 1.0000 'H2O' 1.0000 'Sn++'    3.8861    3.4377    2.9532    2.5484    2.3889    2.1889    1.7293    1.5564 4.0 1.0 135.717
'SrCO3(aq)' 4 -1.0000 'H+' 1.0000 'HCO3-' 1.0000 'Sr++'    7.8797    7.3259    6.7413    6.2459    6.0435    5.7768    5.0102    4.5714 3 0.0 147.629
'SrCl+' 3 1.0000 'Cl-' 1.0000 'Sr++'    0.3614    0.2826    0.0821   -0.2094   -0.3712   -0.6306   -1.6492   -2.2928 4.0 1.0 123.073
'SrF+' 3 1.0000 'F-' 1.0000 'Sr++'   -0.0712   -0.1042   -0.2550   -0.4984   -0.6382   -0.8664   -1.7943   -2.3989 4.0 1.0 106.618
'SrOH+' 4 -1.0000 'H+' 1.0000 'H2O' 1.0000 'Sr++'   14.6670   13.3314   11.8305   10.4987    9.9469    9.2284    7.4749    6.8285 4.0 1.0 104.627
'UO2OH+' 4 -1.0000 'H+' 1.0000 'H2O' 1.0000 'UO2++'    5.8743    5.1883    4.4357    3.7912    3.5316    3.2005    2.4182    2.1306 4.0 1.0 287.035
'UOH+++' 4 -1.0000 'H+' 1.0000 'H2O' 1.0000 'U++++'    1.4721    0.7250   -0.1416   -0.9287   -1.2610   -1.7020   -2.8504   -3.3138 5.0 3.0 255.036
'Urea(aq)' 5 -2.0000 'H2O' 1.0000 'H+' 1.0000 'HCO3-' 2.0000 'NH3(aq)'   -7.1715   -6.5807   -5.9456   -5.4225   -5.2232   -4.9875   -4.6460   -4.7256 3.0 0.0 60.056
'VOH++' 4 -1.0000 'H+' 1.0000 'H2O' 1.0000 'V+++'    3.0199    2.2352    1.4119    0.7376    0.4755    0.1506   -0.5656   -0.8078 4.5 2.0 67.949
'VOOH+' 4 -1.0000 'H+' 1.0000 'H2O' 1.0000 'VO++'    5.9930    5.5181    5.0201    4.6153    4.4597    4.2688    3.8615    3.7263 4.0 1.0 83.948
'ZnCl+' 3 1.0000 'Cl-' 1.0000 'Zn++'   -0.1441   -0.3403   -0.6850   -1.1339   -1.3736   -1.7491   -3.1500   -3.9794 4.0 1.0 100.843
'ZnCl2(aq)' 3 1.0000 'Zn++' 2.0000 'Cl-'   -0.0011   -0.3590   -0.9932   -1.7883   -2.2009   -2.8359   -5.1515   -6.5314 3 0.0 136.282
'ZnCl3-' 3 1.0000 'Zn++' 3.0000 'Cl-'   -0.0722   -0.3513   -0.9812   -1.8796   -2.3748   -3.1626   -6.1520   -7.9335 4.0 -1.0 171.748
'ZnF+' 3 1.0000 'F-' 1.0000 'Zn++'   -1.1157   -1.1177   -1.2384   -1.4577   -1.5880   -1.8047   -2.7110   -3.3132 4.0 1.0 84.388
'ZnOH+' 4 -1.0000 'H+' 1.0000 'H2O' 1.0000 'Zn++'    9.3520    8.6082    7.7363    6.9038    6.5355    6.0291    4.6137    4.0046 4.0 1.0 82.397
'null' 1 0. '0' 0. 0. 0. 0. 0. 0. 0. 0. 0. 0. 0.
!:gas_name molar_vol  num (n_i A_i, i=1,num) log K (1:8)  formula weight [g]
'CH4(g)' 0.000 5 -2.0000 'O2(g)' 1.0000 'H+' 1.0000 'H2O' 1.0000 'HCO3-'  149.6486  135.2262  118.6484  103.4898   97.0580   88.5369   67.0487   58.9800 16.043
'CO(g)' 0.000 5 -1.0000 'H2O' -0.5000 'O2(g)' 1.0000 'H+' 1.0000 'HCO3-'   41.8964   37.2100   31.7599   26.7028   24.5306   21.6223   14.0578   11.0626 28.01
'CO2(g)' 0.000 4 -1.0000 'H2O' 1.0000 'H+' 1.0000 'HCO3-'   -7.6954   -7.8478   -8.0877   -8.3840   -8.5383   -8.7767   -9.6505  -10.1754 44.01
'H2(g)' 0.000 3 -0.5000 'O2(g)' 1.0000 'H2O'   46.0137   41.4356   36.1948   31.4282   29.4153   26.7599   20.1555   17.7420 2.016
'H2O(g)' 0.000 2 1.0000 'H2O'    2.1713    1.4686    0.6801   -0.0175   -0.3049   -0.6759   -1.5423   -1.8283 18.015
'H2S(g)' 0.000 3 1.0000 'H+' 1.0000 'HS-'   -8.1991   -8.1003   -8.0444   -8.0552   -8.0826   -8.1466   -8.5436   -8.8757 34.082
'NH3(g)' 0.000 2 1.0000 'NH3(aq)'    2.2134    1.6464    1.0203    0.4783    0.2590   -0.0197   -0.6467   -0.8424 17.031
'O2(g)' 0.000 2 1.0000 'O2(g)'   -0.0000   -0.0000   -0.0000   -0.0000   -0.0000   -0.0000   -0.0000   -0.0000 31.999
'S2(g)' 0.000 5 -2.0000 'H2O' 0.5000 'SO4--' 1.5000 'HS-' 2.5000 'H+'   -6.6364   -7.1408   -7.9356   -8.8919   -9.3796  -10.1214  -12.7464  -14.2674 64.132
'SO2(g)' 0.000 5 -1.0000 'H2O' -0.5000 'O2(g)' 1.0000 'SO4--' 2.0000 'H+'   41.4933   36.3108   30.1712   24.3694   21.8420   18.4181    9.2034    5.3467 64.065
'null' 0. 1 1. '0' 0. 0. 0. 0. 0. 0. 0. 0. 0.
!:mineral_name molar_vol  num (n_i A_i, i=1,num) log K (1:8)  formula weight [g]
'Montmorillonite_Lc_MgK' 134.694 6  -6.0000 'H+'   0.3400 'K+'   0.3400 'Mg++'   1.6600 'Al+++'   4.0000 'SiO2(aq)'   4.0000 'H2O'    5.7518    3.0865    0.1946   -2.2895   -3.3030   -4.6217   -8.0493   -9.5984 372.6972
'Montmorillonite_Lc_MgNa' 133.964 6  -6.0000 'H+'   0.3400 'Na+'   0.3400 'Mg++'   1.6600 'Al+++'   4.0000 'SiO2(aq)'   4.0000 'H2O'    6.4971    3.6813    0.6235   -2.0055   -3.0786   -4.4746   -8.0939   -9.7168 367.2203
'Montmorillonite_Lc_MgCa' 135.579 6  -6.0000 'H+'   0.1700 'Ca++'   0.3400 'Mg++'   1.6600 'Al+++'   4.0000 'SiO2(aq)'   4.0000 'H2O'    7.5876    4.6032    1.3422   -1.4837   -2.6445   -4.1614   -8.1169   -9.8814 366.2170
'Montmorillonite_Lc_MgMg' 131.587 5  -6.0000 'H+'   0.5100 'Mg++'   1.6600 'Al+++'   4.0000 'SiO2(aq)'   4.0000 'H2O'    7.0884    4.0270    0.8460   -1.6961   -2.6593   -3.8281   -6.3407   -7.2930 363.5356
'Montmorillonite_Hc_K' 138.754 6  -6.0000 'H+'   0.6000 'K+'   0.6000 'Mg++'   1.4000 'Al+++'   4.0000 'SiO2(aq)'   4.0000 'H2O'    7.1716    4.6212    1.8744   -0.4648   -1.4126   -2.6393   -5.7987   -7.2279 382.1668
'Montmorillonite_Hc_Na' 137.467 6  -6.0000 'H+'   0.6000 'Na+'   0.6000 'Mg++'   1.4000 'Al+++'   4.0000 'SiO2(aq)'   4.0000 'H2O'    8.4868    5.6707    2.6312    0.0364   -1.0165   -2.3798   -5.8774   -7.4369 372.5017
'Montmorillonite_Hc_Ca' 140.317 6  -6.0000 'H+'   0.3000 'Ca++'   0.6000 'Mg++'   1.4000 'Al+++'   4.0000 'SiO2(aq)'   4.0000 'H2O'   10.2963    7.1827    3.7847    0.8423   -0.3655   -1.9420   -6.0329   -7.8422 370.7312
'Montmorillonite_Hc_Mg' 133.274 5  -6.0000 'H+'   0.9000 'Mg++'   1.4000 'Al+++'   4.0000 'SiO2(aq)'   4.0000 'H2O'    9.3683    6.1652    2.8353    0.1724   -0.8367   -2.0602   -4.6700   -5.6392 365.9993
'Saponite_K' 141.689 6  -7.3600 'H+'   0.3400 'K+'   3.0000 'Mg++'   0.3400 'Al+++'   3.6600 'SiO2(aq)'   4.6800 'H2O'   32.2324   27.7578   22.8428   18.5811   16.8390   14.5831    8.9612    6.6602 392.1838
'Saponite_Na' 140.959 6  -7.3600 'H+'   0.3400 'Na+'   3.0000 'Mg++'   0.3400 'Al+++'   3.6600 'SiO2(aq)'   4.6800 'H2O'   32.8889   28.2711   23.1988   18.8000   17.0017   14.6728    8.8702    6.4994 386.7069
'Saponite_Ca' 142.574 6  -7.3600 'H+'   0.1700 'Ca++'   3.0000 'Mg++'   0.3400 'Al+++'   3.6600 'SiO2(aq)'   4.6800 'H2O'   33.8268   29.0533   23.7924   19.2101   17.3298   14.8875    8.7675    6.2622 385.7036
'Saponite_Mg' 138.597 5  -7.3600 'H+'   3.1700 'Mg++'   0.3400 'Al+++'   3.6600 'SiO2(aq)'   4.6800 'H2O'   33.2940   28.4418   23.2717   18.9987   17.3324   15.2661   10.6970    9.0609 383.0222
'Saponite_FeK' 144.269 7  -7.3600 'H+'   0.3400 'K+'   1.0000 'Fe++'   2.0000 'Mg++'   0.3400 'Al+++'   3.6600 'SiO2(aq)'   4.6800 'H2O'   30.0536   25.6979   20.9059   16.7396   15.0320   12.8153    7.2543    4.9591 423.7258
'Saponite_FeNa' 143.539 7  -7.3600 'H+'   0.3400 'Na+'   1.0000 'Fe++'   2.0000 'Mg++'   0.3400 'Al+++'   3.6600 'SiO2(aq)'   4.6800 'H2O'   30.7100   26.2112   21.2619   16.9585   15.1947   12.9049    7.1633    4.7984 418.2489
'Saponite_FeCa' 145.154 7  -7.3600 'H+'   1.0000 'Fe++'   0.1700 'Ca++'   2.0000 'Mg++'   0.3400 'Al+++'   3.6600 'SiO2(aq)'   4.6800 'H2O'   31.6480   26.9933   21.8556   17.3686   15.5227   13.1197    7.0607    4.5611 417.2456
'Saponite_FeMg' 141.361 6  -7.3600 'H+'   1.0000 'Fe++'   2.1700 'Mg++'   0.3400 'Al+++'   3.6600 'SiO2(aq)'   4.6800 'H2O'   31.0933   26.3577   21.3137   17.1450   15.5191   13.5020    9.0326    7.4230 414.5642
'Nontronite_K' 132.851 6  -7.3600 'H+'   0.3400 'K+'   0.6700 'Al+++'   1.6700 'Fe+++'   3.6600 'SiO2(aq)'   4.6800 'H2O'    5.5498    2.5092   -0.8244   -3.7186   -4.9090   -6.4669  -10.5578  -12.4011 421.4372
'Nontronite_Na' 132.122 6  -7.3600 'H+'   0.3400 'Na+'   0.6700 'Al+++'   1.6700 'Fe+++'   3.6600 'SiO2(aq)'   4.6800 'H2O'    6.2062    3.0225   -0.4684   -3.4996   -4.7463   -6.3773  -10.6488  -12.5619 415.9603
'Nontronite_Ca' 133.737 6  -7.3600 'H+'   0.1700 'Ca++'   0.6700 'Al+++'   1.6700 'Fe+++'   3.6600 'SiO2(aq)'   4.6800 'H2O'    7.1442    3.8047    0.1253   -3.0895   -4.4182   -6.1626  -10.7514  -12.7991 414.9570
'Nontronite_Mg' 130.179 6  -7.3600 'H+'   0.1700 'Mg++'   0.6700 'Al+++'   1.6700 'Fe+++'   3.6600 'SiO2(aq)'   4.6800 'H2O'    6.8161    3.3974   -0.1922   -3.1013   -4.2189   -5.5926   -8.6508   -9.8371 412.2756
'Beidellite_K' 133.219 5  -7.3600 'H+'   0.3400 'K+'   2.3400 'Al+++'   3.6600 'SiO2(aq)'   4.6800 'H2O'    8.6426    5.1517    1.2723   -2.1435   -3.5621   -5.4295  -10.3442  -12.5118 373.2318
'Beidellite_Na' 132.489 5  -7.3600 'H+'   0.3400 'Na+'   2.3400 'Al+++'   3.6600 'SiO2(aq)'   4.6800 'H2O'    9.2990    5.6650    1.6283   -1.9246   -3.3994   -5.3398  -10.4352  -12.6726 367.7549
'Beidellite_Ca' 134.104 5  -7.3600 'H+'   0.1700 'Ca++'   2.3400 'Al+++'   3.6600 'SiO2(aq)'   4.6800 'H2O'   10.2370    6.4472    2.2219   -1.5145   -3.0713   -5.1251  -10.5378  -12.9099 366.7517
'Beidellite_Mg' 130.109 5  -7.3600 'H+'   0.1700 'Mg++'   2.3400 'Al+++'   3.6600 'SiO2(aq)'   4.6800 'H2O'    9.7030    5.8394    1.6971   -1.7537   -3.1124   -4.8179   -8.7897  -10.3511 364.0703
'Illite_Mg' 140.062 6  -8.4000 'H+'   0.8500 'K+'   0.2500 'Mg++'   2.3500 'Al+++'   3.4000 'SiO2(aq)'   5.2000 'H2O'   15.4208   11.3896    6.8858    2.9011    1.2422   -0.9433   -6.6664   -9.1449 392.2158
'Illite_FeII' 140.669 6  -8.4000 'H+'   0.8500 'K+'   0.2500 'Fe++'   2.3500 'Al+++'   3.4000 'SiO2(aq)'   5.2000 'H2O'   13.9584   10.0517    5.6874    1.8259    0.2177   -1.9023   -7.4706   -9.8961 400.1013
'Illite_FeIII' 138.922 6  -9.4000 'H+'   0.8500 'K+'   2.6000 'Al+++'   0.2500 'Fe+++'   3.1500 'SiO2(aq)'   5.7000 'H2O'   18.3980   13.7300    8.4701    3.7766    1.8108   -0.7890   -7.6252  -10.5629 399.8253
'Illite_Al' 138.977 5  -9.4000 'H+'   0.8500 'K+'   2.8500 'Al+++'   3.1500 'SiO2(aq)'   5.7000 'H2O'   18.3728   13.7009    8.4321    3.7271    1.7553   -0.8535   -7.7196  -10.6714 392.6089
'Vermiculite_K' 147.559 6  -9.4400 'H+'   0.8600 'K+'   3.0000 'Mg++'   0.8600 'Al+++'   3.1400 'SiO2(aq)'   5.7200 'H2O'   42.9099   37.1671   30.7621   25.1188   22.7843   19.7348   12.0290    8.8939 411.9408
'Vermiculite_Na' 145.715 6  -9.4400 'H+'   0.8600 'Na+'   3.0000 'Mg++'   0.8600 'Al+++'   3.1400 'SiO2(aq)'   5.7200 'H2O'   44.2264   38.1505   31.3805   25.4209   22.9569   19.7397   11.6193    8.3233 398.0875
'Vermiculite_Ca' 149.800 6  -9.4400 'H+'   0.4300 'Ca++'   3.0000 'Mg++'   0.8600 'Al+++'   3.1400 'SiO2(aq)'   5.7200 'H2O'   45.6845   39.2640   32.0741   25.7019   23.0525   19.5776   10.7274    7.1177 395.5498
'Vermiculite_Mg' 139.736 5  -9.4400 'H+'   3.4300 'Mg++'   0.8600 'Al+++'   3.1400 'SiO2(aq)'   5.7200 'H2O'   44.1022   37.5939   30.4888   24.4318   22.0042   18.9220   11.7127    9.0321 388.7674
'Berthierine_FeIII' 103.265 6  -8.6400 'H+'   2.3400 'Fe++'   0.9900 'Al+++'   0.3300 'Fe+++'   1.3400 'SiO2(aq)'   6.3200 'H2O'   36.4613   31.2411   25.3167   19.9977   17.7642   14.8118    7.1623    4.0127 361.4841
'Berthierine_FeII' 103.864 5 -10.0000 'H+'   2.0000 'Fe++'   2.0000 'Al+++'   1.0000 'SiO2(aq)'   7.0000 'H2O'   42.6206   36.2946   29.0603   22.5209   19.7634   16.1096    6.6275    2.7539 341.7689
'Glauconite' 139.752 8  -7.0000 'H+'   0.7500 'K+'   0.2500 'Fe++'   0.2500 'Mg++'   0.5000 'Al+++'   1.2500 'Fe+++'   3.7500 'SiO2(aq)'   4.5000 'H2O'    7.5606    4.7822    1.7705   -0.8145   -1.8689   -3.2408   -6.8131   -8.4320 431.9905
'Amesite' 207.275 5 -20.0000 'H+'   4.0000 'Mg++'   4.0000 'Al+++'   2.0000 'SiO2(aq)'  14.0000 'H2O'   81.5900   69.1079   54.8865   42.0988   36.7298   29.6388   11.3566    3.9233 557.3699
'Lizardite' 107.790 4  -6.0000 'H+'   3.0000 'Mg++'   2.0000 'SiO2(aq)'   5.0000 'H2O'   35.8957   31.7581   27.1770   23.1800   21.5411   19.4170   14.1676   12.0927 277.1124
'Clinochlore' 211.620 5 -16.0000 'H+'   5.0000 'Mg++'   2.0000 'Al+++'   3.0000 'SiO2(aq)'  12.0000 'H2O'   77.4602   67.0128   55.2440   44.7840   40.4314   34.7232   20.2353   14.4076 555.7973
'Chamosite' 215.920 5 -16.0000 'H+'   5.0000 'Fe++'   2.0000 'Al+++'   3.0000 'SiO2(aq)'  12.0000 'H2O'   59.2951   50.4973   40.5573   31.6849   27.9762   23.0896   10.4819    5.2687 713.5073
'Greenalite' 105.210 4  -6.0000 'H+'   3.0000 'Fe++'   2.0000 'SiO2(aq)'   5.0000 'H2O'   26.9176   23.6678   20.0678   16.9188   15.6226   13.9346    9.6761    7.9217 371.7384
'Minnesotaite' 145.590 4  -6.0000 'H+'   3.0000 'Fe++'   4.0000 'SiO2(aq)'   4.0000 'H2O'   18.6229   15.6241   12.3856    9.6175    8.4951    7.0461    3.3967    1.8162 473.8917
'Talc' 137.850 4  -6.0000 'H+'   3.0000 'Mg++'   4.0000 'SiO2(aq)'   4.0000 'H2O'   27.0789   23.3541   19.3222   15.8806   14.4907   12.7069    8.3306    6.5320 379.2657
'Acanthite'  34.200 4 -1.0000 'H+' 1.0000 'HS-' 2.0000 'Ag+'  -39.5808  -35.9486  -31.8144  -28.0762  -26.5068  -24.4509  -19.5864  -18.0132 247.8020
'Silver'  10.272 5 -1.0000 'H+' -0.2500 'O2(g)' 0.5000 'H2O' 1.0000 'Ag+'    7.8824    7.2742    6.5996    6.0121    5.7729    5.4664    4.7543    4.5098 107.8680
'Akermanite'  92.810 6 -6.0000 'H+' 1.0000 'Mg++' 2.0000 'Ca++' 2.0000 'SiO2(aq)' 3.0000 'H2O'   51.4729   46.1915   40.2475   34.9294   32.7035   29.7749   22.3520   19.4071 272.6280
'Alabandite'  21.460 4 -1.0000 'H+' 1.0000 'HS-' 1.0000 'Mn++'    0.5213    0.1510   -0.3472   -0.8757   -1.1277   -1.4974   -2.7593   -3.4953  87.0040
'Albite' 100.070 6 -4.0000 'H+' 1.0000 'Al+++' 1.0000 'Na+' 2.0000 'H2O' 3.0000 'SiO2(aq)'    4.8018    3.0873    1.2672   -0.2587   -0.8689   -1.6503   -3.6188   -4.5089 262.2230
'Alunite' 293.600 6 -6.0000 'H+' 1.0000 'K+' 2.0000 'SO4--' 3.0000 'Al+++' 6.0000 'H2O'    4.9541    1.2330   -3.4372   -8.0828  -10.1972  -13.1848  -22.4016  -27.1118 414.2140
'Andalusite'  51.520 5 -6.0000 'H+' 1.0000 'SiO2(aq)' 2.0000 'Al+++' 3.0000 'H2O'   18.5550   14.6610   10.1805    6.0963    4.3615    2.0481   -4.0558   -6.5984 162.0460
'Andradite' 131.850 6 -12.0000 'H+' 2.0000 'Fe+++' 3.0000 'Ca++' 3.0000 'SiO2(aq)' 6.0000 'H2O'   40.4624   34.6717   28.1751   22.3778   19.9475   16.7327    8.3050    4.7097 508.1770
'Anglesite'  47.950 3 1.0000 'Pb++' 1.0000 'SO4--'   -7.7802   -7.5555   -7.4998   -7.6473   -7.7800   -8.0390   -9.3802  -10.3894 303.2640
'Anhydrite'  45.940 3 1.0000 'Ca++' 1.0000 'SO4--'   -3.7370   -4.0061   -4.4974   -5.1367   -5.4773   -6.0122   -8.0588   -9.3387 136.1420
'Annite' 154.320 7 -10.0000 'H+' 1.0000 'Al+++' 1.0000 'K+' 3.0000 'Fe++' 3.0000 'SiO2(aq)' 6.0000 'H2O'   35.8715   30.7591   25.0255   19.9360   17.8159   15.0284    7.8448    4.8391 511.8860
'Anorthite' 100.790 6 -8.0000 'H+' 1.0000 'Ca++' 2.0000 'Al+++' 2.0000 'SiO2(aq)' 4.0000 'H2O'   33.1194   27.6293   21.3705   15.7064   13.3127   10.1338    1.8321   -1.5991 278.2070
'Anthophyllite' 264.400 5 -14.0000 'H+' 7.0000 'Mg++' 8.0000 'H2O' 8.0000 'SiO2(aq)'   79.9161   69.6383   58.3165   48.4592   44.4193   39.1821   26.1819   20.9468 780.8200
'Antigorite' 1754.700 5 -96.0000 'H+' 34.0000 'SiO2(aq)' 48.0000 'Mg++' 79.0000 'H2O'  564.3419  498.6512  426.0149  362.7213  336.7914  303.2041  220.2317  187.3632 4535.9510
'Aragonite'  34.150 4 -1.0000 'H+' 1.0000 'Ca++' 1.0000 'HCO3-'    2.5749    2.1558    1.6161    1.0507    0.7818    0.3880   -0.9432   -1.7047 100.0870
'Artinite'  96.900 5 -3.0000 'H+' 1.0000 'HCO3-' 2.0000 'Mg++' 5.0000 'H2O'   21.8748   19.7649   17.3588   15.1961   14.2871   13.0826    9.8957    8.4977 196.6800
'Gold'  10.215 5 -1.0000 'H+' -0.2500 'O2(g)' 0.5000 'H2O' 1.0000 'Au+'   -8.8044   -7.8852   -6.8209   -5.8360   -5.4138   -4.8502   -3.4107   -2.8715 196.9670
'Azurite'  91.010 5 -4.0000 'H+' 2.0000 'H2O' 2.0000 'HCO3-' 3.0000 'Cu++'   11.5850    9.6116    7.2688    5.0581    4.0879    2.7514   -1.2065   -3.2173 344.6710
'Barite'  52.100 3 1.0000 'Ba++' 1.0000 'SO4--'  -10.1049   -9.6683   -9.3549   -9.2700   -9.3076   -9.4455  -10.5127  -11.4322 233.3910
'Berndtite'  40.960 5 -1.0000 'H2O' 0.5000 'O2(g)' 1.0000 'Sn++' 2.0000 'HS-'  -72.6205  -66.1934  -58.9945  -52.6072  -49.9680  -46.5575  -38.6796  -36.2681 182.8420
'Boehmite'  19.500 4 -3.0000 'H+' 1.0000 'Al+++' 2.0000 'H2O'    9.5782    7.7590    5.6472    3.7125    2.8891    1.7906   -1.0983   -2.2851  59.9880
'Bornite'  98.600 6 -4.0000 'H+' 1.0000 'Cu++' 1.0000 'Fe++' 4.0000 'Cu+' 4.0000 'HS-' -110.3797 -101.8852  -92.3062  -83.7378  -80.1808  -75.5784  -65.1676  -62.3390 501.8410
'Bromellite'   8.309 4 -2.0000 'H+' 1.0000 'Be++' 1.0000 'H2O'  118.2361  107.9815   96.2204   85.5026   80.9674   74.9710   59.9148   54.3015  25.0120
'Brucite'  24.630 4 -2.0000 'H+' 1.0000 'Mg++' 2.0000 'H2O'   18.1363   16.3407   14.3077   12.4920   11.7353   10.7443    8.2743    7.3314  58.3200
'Bunsenite'  10.970 4 -2.0000 'H+' 1.0000 'H2O' 1.0000 'Ni++'   14.1943   12.5916   10.7398    9.0472    8.3282    7.3720    4.8895    3.8933  74.6890
'Graphite'   5.298 5 -1.0000 'H2O' -1.0000 'O2(g)' 1.0000 'H+' 1.0000 'HCO3-'   67.7353   61.2733   53.7870   46.8730   43.9145   39.9664   29.7971   25.8394  12.0110
'Calcite'  36.934 4 -1.0000 'H+' 1.0000 'Ca++' 1.0000 'HCO3-'    2.4477    2.0285    1.4881    0.9207    0.6501    0.2530   -1.0934   -1.8640 100.0870
'Cassiterite'  21.550 5 -2.0000 'H+' 0.5000 'O2(g)' 1.0000 'H2O' 1.0000 'Sn++'  -49.1954  -44.6105  -39.3594  -34.5697  -32.5426  -29.8661  -23.2297  -20.8449 150.7090
'Celadonite' 157.100 7 -6.0000 'H+' 1.0000 'Al+++' 1.0000 'K+' 1.0000 'Mg++' 4.0000 'H2O' 4.0000 'SiO2(aq)' 1056.1657  966.1242  862.9556  768.9710  729.2134  676.6734  545.1301  496.3899 396.7360
'Celestite'  46.250 3 1.0000 'SO4--' 1.0000 'Sr++'   -5.3167   -5.3806   -5.6499   -6.0910   -6.3474   -6.7699   -8.5187   -9.6771 183.6840
'Cerussite'  40.590 4 -1.0000 'H+' 1.0000 'HCO3-' 1.0000 'Pb++'   -3.2517   -3.0224   -2.8386   -2.7534   -2.7485   -2.7811   -3.2084   -3.6351 267.2090
'Chalcedony'  22.688 2 1.0000 'SiO2(aq)'   -3.6226   -3.4295   -3.1596   -2.8754   -2.7448   -2.5634   -2.0817   -1.9200  60.0840
'Chalcocite'  27.480 4 -1.0000 'H+' 1.0000 'HS-' 2.0000 'Cu+'  -37.9013  -34.6035  -30.8296  -27.3998  -25.9799  -24.1263  -19.6941  -18.2587 159.1580
'Chalcopyrite'  42.830 5 -2.0000 'H+' 1.0000 'Cu++' 1.0000 'Fe++' 2.0000 'HS-'  -34.3484  -32.2784  -30.0532  -28.1711  -27.4306  -26.5251  -24.9419  -24.9068 183.5250
'Chlorargyrite'  25.727 3 1.0000 'Ag+' 1.0000 'Cl-'  -10.7620   -9.6943   -8.5324   -7.5400   -7.1450   -6.6538   -5.6915   -5.5458 143.3210
'Chrysotile' 108.500 5 -6.0000 'H+' 2.0000 'SiO2(aq)' 3.0000 'Mg++' 5.0000 'H2O'   36.0486   31.9018   27.3082   23.2978   21.6525   19.5193   14.2444   12.1594 277.1120
'Cinnabar'  28.416 4 -1.0000 'H+' 1.0000 'HS-' 1.0000 'Hg++'  -42.1326  -38.8040  -35.0407  -31.6640  -30.2567  -28.4259  -24.1351  -22.7997 232.6560
'Clinozoisite' 136.200 6 -13.0000 'H+' 2.0000 'Ca++' 3.0000 'Al+++' 3.0000 'SiO2(aq)' 7.0000 'H2O'   52.9587   44.6779   35.2553   26.7455   23.1537   18.3871    5.9349    0.7689 454.3570
'Coesite'  20.641 2 1.0000 'SiO2(aq)'   -3.0526   -2.9032   -2.6831   -2.4437   -2.3319   -2.1752   -1.7538   -1.6138  60.0840
'Corundum'  25.575 4 -6.0000 'H+' 2.0000 'Al+++' 3.0000 'H2O'   25.4075   21.0460   15.9798   11.3228    9.3349    6.6780   -0.3146   -3.1700 101.9610
'Covellite'  20.420 4 -1.0000 'H+' 1.0000 'Cu++' 1.0000 'HS-'  -24.3336  -22.6872  -20.8658  -19.2694  -18.6185  -17.7913  -16.0401  -15.6576  95.6120
'Cristobalite(beta)'  27.380 2 1.0000 'SiO2(aq)'   -2.7568   -2.6780   -2.5300   -2.3494   -2.2607   -2.1333   -1.7806   -1.6646  60.0840
'Copper'   7.113 5 -2.0000 'H+' -0.5000 'O2(g)' 1.0000 'Cu++' 1.0000 'H2O'   33.6666   30.1326   26.0886   22.4208   20.8743   18.8338   13.7080   11.7720  63.5460
'Cuprite'  23.437 4 -2.0000 'H+' 1.0000 'H2O' 2.0000 'Cu+'   -2.2030   -1.7895   -1.2412   -0.6609   -0.3894   -0.0048    1.0858    1.5202 143.0910
'Diaspore'  17.760 4 -3.0000 'H+' 1.0000 'Al+++' 2.0000 'H2O'    9.4150    7.6178    5.5313    3.6196    2.8060    1.7205   -1.1361   -2.3109  59.9880
'Diopside'  66.090 6 -4.0000 'H+' 1.0000 'Ca++' 1.0000 'Mg++' 2.0000 'H2O' 2.0000 'SiO2(aq)'   24.4691   21.6853   18.6088   15.9077   14.7914   13.3336    9.6543    8.1523 216.5500
'Dolomite'  64.365 5 -2.0000 'H+' 1.0000 'Ca++' 1.0000 'Mg++' 2.0000 'HCO3-'    3.8017    2.8359    1.6129    0.3652   -0.2168   -1.0577   -3.8296   -5.3861 184.4010
'Dolomite-ord'  64.340 5 -2.0000 'H+' 1.0000 'Ca++' 1.0000 'Mg++' 2.0000 'HCO3-'    3.8015    2.8357    1.6126    0.3644   -0.2179   -1.0592   -3.8313   -5.3868 184.4010
'Enstatite'  31.276 5 -2.0000 'H+' 1.0000 'H2O' 1.0000 'Mg++' 1.0000 'SiO2(aq)'   13.3290   11.6870    9.8616    8.2557    7.5924    6.7280    4.5688    3.7082 100.3890
'Epidote' 139.200 7 -13.0000 'H+' 1.0000 'Fe+++' 2.0000 'Al+++' 2.0000 'Ca++' 3.0000 'SiO2(aq)' 7.0000 'H2O'   41.4901   34.3485   26.2532   18.9694   15.9010   11.8308    1.1506   -3.3481 483.2230
'Epidote-ord' 139.200 7 -13.0000 'H+' 1.0000 'Fe+++' 2.0000 'Al+++' 2.0000 'Ca++' 3.0000 'SiO2(aq)' 7.0000 'H2O'   41.4883   34.3485   26.2553   18.9749   15.9088   11.8428    1.1824   -3.3042 483.2230
'Fayalite'  46.390 5 -4.0000 'H+' 1.0000 'SiO2(aq)' 2.0000 'Fe++' 2.0000 'H2O'   22.3339   19.5793   16.4623   13.6677   12.4963   10.9521    6.9980    5.3956 203.7770
'FeO'  12.000 4 -2.0000 'H+' 1.0000 'Fe++' 1.0000 'H2O'   15.3181   13.6175   11.6606    9.8777    9.1227    8.1215    5.5520    4.5381  71.8460
'Ferrosilite'  32.952 5 -2.0000 'H+' 1.0000 'Fe++' 1.0000 'H2O' 1.0000 'SiO2(aq)'    9.0571    7.8208    6.4469    5.2354    4.7330    4.0748    2.3964    1.6973 131.9310
'Fluorite'  24.542 3 1.0000 'Ca++' 2.0000 'F-'   -9.9981   -9.7658   -9.6585   -9.7220   -9.8088   -9.9981  -11.1258  -12.0463  78.0750
'Forsterite'  43.790 5 -4.0000 'H+' 1.0000 'SiO2(aq)' 2.0000 'H2O' 2.0000 'Mg++'   31.9267   28.3082   24.2229   20.5743   19.0517   17.0540   12.0289   10.0599 140.6930
'Galena'  31.490 4 -1.0000 'H+' 1.0000 'HS-' 1.0000 'Pb++'  -16.0487  -14.6968  -13.2373  -11.9949  -11.5012  -10.8881   -9.7008   -9.5331 239.2660
'Gehlenite'  90.240 6 -10.0000 'H+' 1.0000 'SiO2(aq)' 2.0000 'Al+++' 2.0000 'Ca++' 5.0000 'H2O'   65.3021   57.1147   47.7195   39.1614   35.5318   30.7071   18.1957   13.1638 274.2000
'Gibbsite'  32.000 4 -3.0000 'H+' 1.0000 'Al+++' 3.0000 'H2O'    9.4881    7.8363    5.9419    4.2311    3.5102    2.5546    0.0585   -0.9712  78.0040
'Grossular' 125.300 6 -12.0000 'H+' 2.0000 'Al+++' 3.0000 'Ca++' 3.0000 'SiO2(aq)' 6.0000 'H2O'   61.1404   53.2601   44.3257   36.2735   32.8795   28.3812   16.6830   11.8560 450.4460
'Halite'  27.015 3 1.0000 'Cl-' 1.0000 'Na+'    1.5826    1.6470    1.6660    1.6256    1.5870    1.5090    1.0696    0.7062  58.4420
'Hedenbergite'  68.270 6 -4.0000 'H+' 1.0000 'Ca++' 1.0000 'Fe++' 2.0000 'H2O' 2.0000 'SiO2(aq)'   22.9742   20.3437   17.4290   14.8577   13.7900   12.3901    8.8171    7.3371 248.0920
'Hematite'  30.274 4 -6.0000 'H+' 2.0000 'Fe+++' 3.0000 'H2O'    2.4506    0.3799   -2.0194   -4.2119   -5.1463   -6.3998   -9.8117  -11.3166 159.6920
'Heulandite' 316.370 10 -8.6600 'H+' 0.0650 'Ba++' 0.1320 'K+' 0.1750 'Sr++' 0.3830 'Na+' 0.5850 'Ca++' 2.1650 'Al+++' 6.8350 'SiO2(aq)' 10.3300 'H2O' 1879.4402 1718.9893 1535.1065 1367.5440 1296.6455 1202.9382  968.2777  881.3489 708.1320
'Huntite' 122.900 5 -4.0000 'H+' 1.0000 'Ca++' 3.0000 'Mg++' 4.0000 'HCO3-'   13.6751   10.9309    7.5552    4.2270    2.7168    0.5843   -6.0479   -9.5458 353.0300
'Hydromagnesite' 208.800 5 -6.0000 'H+' 4.0000 'HCO3-' 5.0000 'Mg++' 6.0000 'H2O'   36.3017   31.4547   25.7542   20.4282   18.1149   14.9634    6.0035    1.7208 467.6380
'Jadeite'  60.400 6 -4.0000 'H+' 1.0000 'Al+++' 1.0000 'Na+' 2.0000 'H2O' 2.0000 'SiO2(aq)'   11.0735    9.0864    6.9055    5.0124    4.2362    3.2266    0.6565   -0.4379 202.1390
'K-Feldspar' 108.885 6 -4.0000 'H+' 1.0000 'Al+++' 1.0000 'K+' 2.0000 'H2O' 3.0000 'SiO2(aq)'    1.2951    0.0363   -1.2698   -2.3447   -2.7719   -3.3211   -4.7728   -5.4978 278.3320
'K2O'  40.380 4 -2.0000 'H+' 1.0000 'H2O' 2.0000 'K+'   90.9118   84.0533   76.1938   69.0342   66.0061   62.0055   51.9992   48.2983  94.1960
'Kalsilite'  59.890 6 -4.0000 'H+' 1.0000 'Al+++' 1.0000 'K+' 1.0000 'SiO2(aq)' 2.0000 'H2O'   13.4285   11.3714    9.0400    6.9469    6.0674    4.9036    1.8683    0.5975 158.1630
'Kaolinite'  99.340 5 -6.0000 'H+' 2.0000 'Al+++' 2.0000 'SiO2(aq)' 5.0000 'H2O'    8.8781    5.9737    2.7179   -0.1677   -1.3711   -2.9591   -7.1378   -8.9474 258.1600
'Kyanite'  44.090 5 -6.0000 'H+' 1.0000 'SiO2(aq)' 2.0000 'Al+++' 3.0000 'H2O'   20.2315   16.2306   11.6278    7.4326    5.6507    3.2752   -2.9846   -5.5852 162.0460
'Larnite'  51.600 5 -4.0000 'H+' 1.0000 'SiO2(aq)' 2.0000 'Ca++' 2.0000 'H2O'  462.3916  423.2531  378.3711  337.4374  320.1047  297.1806  239.6618  218.2866 172.2390
'Laumontite' 207.550 6 -8.0000 'H+' 1.0000 'Ca++' 2.0000 'Al+++' 4.0000 'SiO2(aq)' 8.0000 'H2O'   19.4508   15.2232   10.5657    6.5050    4.8343    2.6550   -2.9180   -5.2852 470.4370
'Lawsonite' 101.320 6 -8.0000 'H+' 1.0000 'Ca++' 2.0000 'Al+++' 2.0000 'SiO2(aq)' 6.0000 'H2O'   27.5840   23.0341   17.8896   13.2820   11.3491    8.7942    2.1462   -0.6287 314.2380
'Lime'  16.764 4 -2.0000 'H+' 1.0000 'Ca++' 1.0000 'H2O'   35.7872   32.6667   29.0904   25.8307   24.4496   22.6199   17.9753   16.1974  56.0770
'Litharge'  23.910 4 -2.0000 'H+' 1.0000 'H2O' 1.0000 'Pb++'   13.7634   12.7102   11.4889   10.3709    9.8961    9.2647    7.6280    6.9664 223.1990
'Magnesite'  28.018 4 -1.0000 'H+' 1.0000 'HCO3-' 1.0000 'Mg++'    3.1508    2.4397    1.5680    0.7147    0.3299   -0.2111   -1.8790   -2.7534  84.3140
'Magnetite'  44.524 5 -8.0000 'H+' 1.0000 'Fe++' 2.0000 'Fe+++' 4.0000 'H2O'   14.3138   10.8431    6.8336    3.1767    1.6225   -0.4531   -5.9904   -8.3505 231.5390
'Malachite'  54.860 5 -3.0000 'H+' 1.0000 'HCO3-' 2.0000 'Cu++' 2.0000 'H2O'    7.4107    6.1774    4.7383    3.4098    2.8369    2.0580   -0.1873   -1.3042 221.1160
'Manganosite'  13.221 4 -2.0000 'H+' 1.0000 'H2O' 1.0000 'Mn++'   20.3873   18.4266   16.1840   14.1517   13.2947   12.1623    9.2884    8.1735  70.9370
'Margarite' 129.400 6 -14.0000 'H+' 1.0000 'Ca++' 2.0000 'SiO2(aq)' 4.0000 'Al+++' 8.0000 'H2O'   51.2975   42.3023   31.9858   22.6127   18.6415   13.3581   -0.4954   -6.2220 398.1840
'Merwinite' 104.400 6 -8.0000 'H+' 1.0000 'Mg++' 2.0000 'SiO2(aq)' 3.0000 'Ca++' 4.0000 'H2O'   77.0063   69.4455   60.8925   53.1987   49.9664   45.7036   34.8760   30.6098 328.7050
'Metacinnabar'  30.169 4 -1.0000 'H+' 1.0000 'HS-' 1.0000 'Hg++'  -41.6885  -38.4246  -34.7356  -31.4269  -30.0484  -28.2557  -24.0607  -22.7606 232.6560
'Monticellite'  51.470 6 -4.0000 'H+' 1.0000 'Ca++' 1.0000 'Mg++' 1.0000 'SiO2(aq)' 2.0000 'H2O'   33.5252   30.0569   26.1407   22.6309   21.1607   19.2257   14.3217   12.3837 156.4660
'Muscovite' 140.810 6 -10.0000 'H+' 1.0000 'K+' 3.0000 'Al+++' 3.0000 'SiO2(aq)' 6.0000 'H2O'   17.5936   12.9222    7.6491    2.9370    0.9610   -1.6557   -8.5645  -11.5468 398.3080
'Na2O'  25.000 4 -2.0000 'H+' 1.0000 'H2O' 2.0000 'Na+'   73.1506   67.4694   61.0094   55.1828   52.7382   49.5289   41.6170   38.7328  61.9790
'Natrolite' 169.720 6 -8.0000 'H+' 2.0000 'Al+++' 2.0000 'Na+' 3.0000 'SiO2(aq)' 6.0000 'H2O' 1040.7603  951.2492  848.6355  755.1214  715.5520  663.2477  532.1868  483.5674 380.2240
'Nepheline'  54.160 6 -4.0000 'H+' 1.0000 'Al+++' 1.0000 'Na+' 1.0000 'SiO2(aq)' 2.0000 'H2O'   16.7958   14.3001   11.4826    8.9660    7.9141    6.5297    2.9851    1.5432 142.0540
'Nesquehonite'  74.790 5 -1.0000 'H+' 1.0000 'HCO3-' 1.0000 'Mg++' 3.0000 'H2O'    6.5243    5.0772    4.8869    4.7759    4.7227    4.6367    4.1959    3.8101 138.3600
'Nickel'   6.588 5 -2.0000 'H+' -0.5000 'O2(g)' 1.0000 'H2O' 1.0000 'Ni++'   55.0788   49.6351   43.3745   37.6588   35.2367   32.0293   23.9250   20.8630  58.6900
'Paragonite' 132.100 6 -10.0000 'H+' 1.0000 'Na+' 3.0000 'Al+++' 3.0000 'SiO2(aq)' 6.0000 'H2O'   18.9952   14.0789    8.5483    3.6286    1.5738   -1.1371   -8.2260  -11.2529 382.2000
'Pargasite' 273.500 8 -22.0000 'H+' 1.0000 'Na+' 2.0000 'Ca++' 3.0000 'Al+++' 4.0000 'Mg++' 6.0000 'SiO2(aq)' 12.0000 'H2O'  120.6947  104.6565   86.5577   70.3768   63.6085   54.6989   31.9523   22.7780 835.8250
'Palladium'   8.861 5 -2.0000 'H+' -0.5000 'O2(g)' 1.0000 'H2O' 1.0000 'Pd++'   12.4025   10.6696    8.6872    6.8922    6.1354    5.1353    2.5860    1.5867 106.4200
'PdO'  14.680 4 -2.0000 'H+' 1.0000 'H2O' 1.0000 'Pd++'    0.5682    0.2012   -0.2159   -0.5854   -0.7394   -0.9438   -1.5081   -1.7787 122.4190
'Periclase'  11.248 4 -2.0000 'H+' 1.0000 'H2O' 1.0000 'Mg++'   23.8260   21.4132   18.6527   16.1541   15.1020   13.7145   10.2160    8.8763  40.3040
'Phlogopite' 149.660 7 -10.0000 'H+' 1.0000 'Al+++' 1.0000 'K+' 3.0000 'Mg++' 3.0000 'SiO2(aq)' 6.0000 'H2O'   44.6292   38.6915   32.0529   26.1908   23.7622   20.5863   12.5459    9.2752 417.2600
'Prehnite' 140.330 6 -10.0000 'H+' 2.0000 'Al+++' 2.0000 'Ca++' 3.0000 'SiO2(aq)' 6.0000 'H2O'   40.2075   34.2548   27.5382   21.5198   18.9929   15.6505    6.9469    3.3074 412.3840
'Pyrite'  23.940 5 -1.0000 'H2O' 0.5000 'O2(g)' 1.0000 'Fe++' 2.0000 'HS-'  -63.0169  -57.6400  -51.6261  -46.3031  -44.1101  -41.2858  -34.8644  -32.9904 119.9790
'Pyrophyllite' 128.100 5 -6.0000 'H+' 2.0000 'Al+++' 4.0000 'H2O' 4.0000 'SiO2(aq)'    2.8515    0.1374   -2.8279   -5.3953   -6.4497   -7.8291  -11.4589  -13.1102 360.3140
'Pyrrhotite'  18.200 4 -1.0000 'H+' 1.0000 'Fe++' 1.0000 'HS-'   -3.4971   -3.6034   -3.8112   -4.0883   -4.2389   -4.4895   -5.5355   -6.2143  87.9130
'Quartz'  22.690 2 1.0000 'SiO2(aq)'   -3.7832   -3.5771   -3.2924   -2.9947   -2.8584   -2.6694   -2.1686   -1.9999  60.0840
'Rhodochrosite'  31.075 4 -1.0000 'H+' 1.0000 'HCO3-' 1.0000 'Mn++'    0.7367    0.3849   -0.0750   -0.5579   -0.7881   -1.1269   -2.3001   -2.9959 114.9470
'Romarchite'  20.895 4 -2.0000 'H+' 1.0000 'H2O' 1.0000 'Sn++'    1.5568    1.4190    1.2433    1.0762    1.0032    0.9025    0.5892    0.4132 134.7090
'Ruthenium'   8.175 5 -1.5000 'O2(g)' -1.0000 'H2O' 1.0000 'RuO4--' 2.0000 'H+'   13.6656   10.9186    7.5952    4.3805    2.9536    0.9902   -4.4947   -6.8375 101.0700
'RuO2'  19.050 5 -1.0000 'H2O' -0.5000 'O2(g)' 1.0000 'RuO4--' 2.0000 'H+'  -35.5248  -33.3544  -31.0325  -29.0960  -28.3421  -27.4232  -25.7043  -25.3967 133.0690
'Sulfur(s)'  15.610 5 -1.0000 'H2O' 0.5000 'O2(g)' 1.0000 'H+' 1.0000 'HS-'  -47.9019  -43.5610  -38.6597  -34.2766  -32.4558  -30.1007  -24.5262  -22.6970  32.0660
'Sepiolite' 285.600 5 -8.0000 'H+' 4.0000 'Mg++' 6.0000 'SiO2(aq)' 11.0000 'H2O'   36.8120   32.3676   27.7200   23.9349   22.4687   20.6507   16.5091   14.8597 647.8300
'SiO2(am)'  27.270 2 1.0000 'SiO2(aq)'   -2.7581   -2.6776   -2.5009   -2.2745   -2.1629   -2.0041   -1.5897   -1.4710  60.0840
'Siderite'  29.378 4 -1.0000 'H+' 1.0000 'Fe++' 1.0000 'HCO3-'    0.4789   -0.0343   -0.6899   -1.3591   -1.6705   -2.1189   -3.5827   -4.3949 115.8560
'Sillimanite'  49.900 5 -6.0000 'H+' 1.0000 'SiO2(aq)' 2.0000 'Al+++' 3.0000 'H2O'   21.0247   16.9001   12.1551    7.8301    5.9936    3.5460   -2.8912   -5.5556 162.0460
'Smithsonite'  28.275 4 -1.0000 'H+' 1.0000 'HCO3-' 1.0000 'Zn++'    1.1212    0.6275    0.0059   -0.6215   -0.9117   -1.3287   -2.6950   -3.4636 125.3990
'Sphalerite'  23.830 4 -1.0000 'H+' 1.0000 'HS-' 1.0000 'Zn++'  -11.8507  -11.2764  -10.6870  -10.2185  -10.0466   -9.8543   -9.7009   -9.9117  97.4560
'Spinel'  39.710 5 -8.0000 'H+' 1.0000 'Mg++' 2.0000 'Al+++' 4.0000 'H2O'   44.3887   38.0084   30.6347   23.8929   21.0284   17.2162    7.3067    3.3260 142.2660
'Strontianite'  39.010 4 -1.0000 'H+' 1.0000 'HCO3-' 1.0000 'Sr++'   -0.0117   -0.1269   -0.3275   -0.5849   -0.7227   -0.9417   -1.8207   -2.4062 147.6290
'Sylvite'  37.524 3 1.0000 'Cl-' 1.0000 'K+'    0.6136    0.9098    1.1750    1.3362    1.3751    1.3914    1.1421    0.8316  74.5510
'Tenorite'  12.220 4 -2.0000 'H+' 1.0000 'Cu++' 1.0000 'H2O'    8.7988    7.7573    6.5739    5.5154    5.0733    4.4921    3.0114    2.4158  79.5450
'Tremolite' 272.920 6 -14.0000 'H+' 2.0000 'Ca++' 5.0000 'Mg++' 8.0000 'H2O' 8.0000 'SiO2(aq)'   73.1476   64.0889   54.1672   45.5609   42.0385   37.4721   26.0725   21.3948 812.3660
'Uraninite'  24.638 5 -2.0000 'H+' -0.5000 'O2(g)' 1.0000 'H2O' 1.0000 'UO2++'   31.1909   27.6719   23.6428   19.9755   18.4232   16.3674   11.1522    9.1575 270.0280
'Wairakite' 186.870 6 -8.0000 'H+' 1.0000 'Ca++' 2.0000 'Al+++' 4.0000 'SiO2(aq)' 6.0000 'H2O'   24.8169   19.7399   14.0783    9.0677    6.9828    4.2427   -2.8200   -5.7821 434.4060
'Wollastonite'  39.930 5 -2.0000 'H+' 1.0000 'Ca++' 1.0000 'H2O' 1.0000 'SiO2(aq)'   15.7049   14.1527   12.4265   10.8943   10.2555    9.4160    7.2792    6.4108 116.1620
'Wurtzite'  23.846 4 -1.0000 'H+' 1.0000 'HS-' 1.0000 'Zn++'   -9.3401   -8.9769   -8.6303   -8.3838   -8.3061   -8.2384   -8.3977   -8.7241  97.4560
'Zincite'  14.338 4 -2.0000 'H+' 1.0000 'H2O' 1.0000 'Zn++'   12.7604   11.3221    9.6821    8.2039    7.5830    6.7643    4.6829    3.8631  81.3890
'Zoisite' 135.900 6 -13.0000 'H+' 2.0000 'Ca++' 3.0000 'Al+++' 3.0000 'SiO2(aq)' 7.0000 'H2O'   53.0075   44.7208   35.2913   26.7753   23.1809   18.4108    5.9500    0.7807 454.3570
'Quicksilver'  14.822 5 -2.0000 'H+' -0.5000 'O2(g)' 1.0000 'H2O' 1.0000 'Hg++'   14.6564   12.7884   10.6666    8.7596    7.9611    6.9126    4.2966    3.3028 200.5900
'null' 1 0. '0' 0. 0. 0. 0. 0. 0. 0. 0. 0. 0. 0.
!:oxide_name molar_vol  num (n_i A_i, i=1,num) log K (1:8)  formula weight [g]
